""
"CID","TERM","SUBJ","CRSE","SEC","UNITS"
"87060","200610","ABC","101","1","4"
""
"INSTRUCTOR(S)","TYPE","DAYS","TIME","BUILD","ROOM"
"Fisher, Caleb K.","Lecture","MWF","1:10 PM - 2:00 PM","MB5","1332"
"","Discussion","W","3:10 PM - 4:00 PM","MB2","1002"
""
"SEAT","SID","SURNAME","PREFNAME","LEVEL","UNITS","CLASS","MAJOR","GRADE","STATUS","EMAIL"
"1","871958284","Nichols","Angel","UG","4","SR","OTH8","A+","RE","angel.g.nichols@fakeu.edu"
"2","942775305","Moran","Alexander","UG","4","FR","ABC2","C-","RE","alexander.m.moran@fakeu.edu"
"3","717875426","Robinson","Damian","UG","4","SO","O223","A","RE","damian.c.robinson@fakeu.edu"
"4","184157064","Randolph","Mateo","UG","4","SR","OT21","I","RE","mateo.g.randolph@fakeu.edu"
"5","426038310","Murphy","Elijah","UG","4","JR","OT21","A-","RE","elijah.n.murphy@fakeu.edu"
"6","641375033","Todd","John","UG","4","JR","OTH8","A","RE","john.v.todd@fakeu.edu"
"7","993431265","Fox","Evelyn","UG","4","JR","O160","C+","RE","evelyn.k.fox@fakeu.edu"
"8","917382526","Welch","Benjamin","UG","4","JR","O239","B-","RE","benjamin.v.welch@fakeu.edu"
"9","983634290","Wright","Thomas","UG","4","SO","OT10","B+","RE","thomas.v.wright@fakeu.edu"
"10","644315678","Sullivan","Sophia","UG","4","FR","O238","B","RE","sophia.h.sullivan@fakeu.edu"
"11","370969024","French","Gael","UG","4","FR","OT16","B-","RE","gael.e.french@fakeu.edu"
"12","430518761","Santana","Zoe","UG","4","JR","O240","A","RE","zoe.j.santana@fakeu.edu"
"13","464008577","Smith","Sophia","UG","4","SO","O239","B","RE","sophia.v.smith@fakeu.edu"
"14","668663771","Sawyer","Michelle","UG","4","JR","OTH8","C-","RE","michelle.a.sawyer@fakeu.edu"
"15","643805935","Wood","Jayden","UG","4","JR","O216","C","RE","jayden.e.wood@fakeu.edu"
"16","928982268","Bailey","Alan","UG","4","SO","OT16","A","RE","alan.m.bailey@fakeu.edu"
"17","882702534","Morales","Wyatt","UG","4","FR","OT20","B-","RE","wyatt.j.morales@fakeu.edu"
"18","724237354","Brown","Emma","UG","4","FR","OT16","A-","RE","emma.a.brown@fakeu.edu"
"19","929261824","Frederick","Olivia","UG","4","FR","O234","B-","RE","olivia.a.frederick@fakeu.edu"
"20","623982218","Morris","Isaac","UG","4","FR","O216","B","RE","isaac.e.morris@fakeu.edu"
"21","549205070","Turner","Justin","UG","4","FR","O239","A","RE","justin.a.turner@fakeu.edu"
"22","447376390","Morris","Bryan","UG","4","SO","O239","B","RE","bryan.z.morris@fakeu.edu"
"23","731509704","Conner","Michelle","UG","4","FR","DEF2","A","RE","michelle.a.conner@fakeu.edu"
"24","806292594","Savage","Jackson","UG","4","FR","DEF2","B","RE","jackson.a.savage@fakeu.edu"
"25","672573526","Young","Ayden","UG","4","JR","O234","F","RE","ayden.v.young@fakeu.edu"
"26","492148788","Williams","Julia","UG","4","SO","OT20","D","RE","julia.s.williams@fakeu.edu"
"27","856392672","Williams","Noah","UG","4","JR","OT42","A-","RE","noah.j.williams1@fakeu.edu"
"28","579424870","Wiley","Noah","UG","4","FR","ABC1","A-","RE","noah.x.wiley@fakeu.edu"
"29","271643678","Freeman","Daniel","UG","4","SO","O238","A-","RE","daniel.m.freeman@fakeu.edu"
"30","384608158","Rodgers","Dylan","UG","4","FR","ABC1","A","RE","dylan.q.rodgers@fakeu.edu"
"31","195075134","Johnson","Mason","UG","4","JR","O216","B-","RE","mason.k.johnson1@fakeu.edu"
"32","338968784","Holt","Anthony","UG","4","FR","OT26","C","RE","anthony.j.holt@fakeu.edu"
"33","750830829","Garcia","Claire","UG","4","JR","OT62","B","RE","claire.j.garcia@fakeu.edu"
"34","276470311","Webb","Jacob","UG","4","JR","OTH8","C-","RE","jacob.n.webb@fakeu.edu"
"35","594371670","Lancaster","Liam","GR","4","D2","O191","A","RE","liam.a.lancaster@fakeu.edu"
"36","958574368","Anderson","Addison","UG","4","JR","O238","A-","RE","addison.a.anderson@fakeu.edu"
"37","151504583","Ford","Ian","UG","4","JR","O238","B","RE","ian.z.ford@fakeu.edu"
""
"CID","TERM","SUBJ","CRSE","SEC","UNITS"
"48207","200610","ABC","101","2","4"
""
"INSTRUCTOR(S)","TYPE","DAYS","TIME","BUILD","ROOM"
"Fisher, Caleb K.","Lecture","MWF","1:10 PM - 2:00 PM","MB5","1332"
"","Discussion","W","4:10 PM - 5:00 PM","LH2","24"
""
"SEAT","SID","SURNAME","PREFNAME","LEVEL","UNITS","CLASS","MAJOR","GRADE","STATUS","EMAIL"
"1","204867162","Taylor","Luis","UG","4","JR","O249","B","RE","luis.a.taylor@fakeu.edu"
"2","831677319","Lynch","Joshua","UG","4","SO","OT25","D-","RE","joshua.m.lynch@fakeu.edu"
"3","473399272","Rich","Alyssa","UG","4","JR","OTH8","F","RE","alyssa.m.rich@fakeu.edu"
"4","701151942","Richards","Jeremiah","UG","4","SO","ABC1","B","RE","jeremiah.a.richards@fakeu.edu"
"5","545457670","Tucker","Emma","UG","4","FR","OT20","B-","RE","emma.j.tucker@fakeu.edu"
"6","895485443","Johnson","Julian","UG","4","FR","O244","A","RE","julian.e.johnson1@fakeu.edu"
"7","570948704","Terrell","Sophia","UG","4","FR","ABC2","C","RE","sophia.n.terrell@fakeu.edu"
"8","342539328","Martin","Logan","UG","4","FR","DEF1","C-","RE","logan.l.martin@fakeu.edu"
"9","208323034","Stout","Daniel","UG","4","FR","DEF2","C","RE","daniel.e.stout@fakeu.edu"
"10","497639199","Stanley","Christian","UG","4","FR","DEF1","B","RE","christian.n.stanley@fakeu.edu"
"11","570458321","Larson","Melody","UG","4","FR","DEF2","B-","RE","melody.w.larson@fakeu.edu"
"12","433227224","Valenzuela","Vincent","UG","4","FR","DEF2","C+","RE","vincent.s.valenzuela@fakeu.edu"
"13","184372720","Brown","Hunter","UG","4","FR","DEF1","F","RE","hunter.c.brown@fakeu.edu"
"14","568725953","Hansen","Natalie","UG","4","FR","DEF2","A","RE","natalie.z.hansen@fakeu.edu"
"15","551002680","Martin","Chloe","UG","4","FR","DEF2","B","RE","chloe.r.martin@fakeu.edu"
"16","861633480","Hanson","Nathaniel","UG","4","FR","DEF1","A-","RE","nathaniel.l.hanson@fakeu.edu"
"17","783695328","Perez","Michael","UG","4","SO","ABC2","A","RE","michael.h.perez@fakeu.edu"
"18","271601339","Horne","Brianna","UG","4","FR","DEF1","B+","RE","brianna.m.horne@fakeu.edu"
"19","864898006","Tucker","Nicholas","UG","4","FR","DEF2","F","RE","nicholas.l.tucker@fakeu.edu"
"20","716749184","Russell","Emily","UG","4","FR","DEF1","A-","RE","emily.v.russell@fakeu.edu"
"21","490561151","Johnson","Ella","UG","4","FR","OT98","C+","RE","ella.x.johnson@fakeu.edu"
"22","874888773","Wright","Lily","UG","4","FR","DEF2","B","RE","lily.s.wright@fakeu.edu"
"23","677138832","Snyder","Santiago","UG","4","SO","DEF1","A-","RE","santiago.s.snyder@fakeu.edu"
"24","564110850","Lang","Aaron","UG","4","FR","ABC2","B+","RE","aaron.l.lang@fakeu.edu"
"25","665641340","Fox","David","UG","4","SO","DEF1","B-","RE","david.a.fox@fakeu.edu"
"26","744750509","Nolan","Isabella","UG","4","FR","O262","B-","RE","isabella.j.nolan@fakeu.edu"
"27","484366629","Blair","Anthony","UG","4","FR","DEF1","B","RE","anthony.b.blair@fakeu.edu"
"28","174613770","Gardner","Christopher","UG","4","FR","ABC2","A-","RE","christopher.t.gardner@fakeu.edu"
"29","202244056","Johnson","Jose","UG","4","FR","DEF1","B+","RE","jose.b.johnson@fakeu.edu"
"30","304831590","Smith","Harper","UG","4","FR","ABC2","A-","RE","harper.a.smith@fakeu.edu"
"31","171660927","Thomas","Zachary","UG","4","FR","ABC2","A-","RE","zachary.k.thomas@fakeu.edu"
"32","249964078","Johnson","Emily","UG","4","FR","DEF2","A+","RE","emily.j.johnson2@fakeu.edu"
"33","696987641","Garza","Nathan","UG","4","FR","ABC2","B-","RE","nathan.c.garza@fakeu.edu"
"34","453024561","Jenkins","Olivia","UG","4","SO","ABC1","C-","RE","olivia.e.jenkins@fakeu.edu"
"35","121339940","Clark","Grace","UG","4","SO","OTH7","A-","RE","grace.g.clark@fakeu.edu"
"36","890554634","Mcgee","Isaac","UG","4","FR","O238","C","RE","isaac.l.mcgee@fakeu.edu"
"37","760214829","Fisher","Melanie","UG","4","SO","OT35","B-","RE","melanie.a.fisher@fakeu.edu"
"38","910044194","Joseph","Nevaeh","UG","4","FR","O216","C","RE","nevaeh.e.joseph@fakeu.edu"
"39","877098801","Estes","Eli","UG","4","FR","OT16","B","RE","eli.g.estes@fakeu.edu"
""
"CID","TERM","SUBJ","CRSE","SEC","UNITS"
"46464","200610","ABC","101","3","4"
""
"INSTRUCTOR(S)","TYPE","DAYS","TIME","BUILD","ROOM"
"Fisher, Caleb K.","Lecture","MWF","1:10 PM - 2:00 PM","MB5","1332"
"","Discussion","F","4:10 PM - 5:00 PM","TB2","116"
""
"SEAT","SID","SURNAME","PREFNAME","LEVEL","UNITS","CLASS","MAJOR","GRADE","STATUS","EMAIL"
"1","846315675","Thomas","Zoe","UG","4","SR","O239","B+","RE","zoe.c.thomas@fakeu.edu"
"2","850515428","Browning","Maria","UG","4","SO","O216","C-","RE","maria.j.browning@fakeu.edu"
"3","321404406","Cantrell","Zoe","UG","4","FR","DEF2","B","RE","zoe.l.cantrell@fakeu.edu"
"4","754089420","Nolan","Mason","UG","4","FR","DEF2","A","RE","mason.c.nolan@fakeu.edu"
"5","640315268","Mcgee","Emma","UG","4","FR","ABC2","F","RE","emma.d.mcgee@fakeu.edu"
"6","857403942","Fields","Matthew","UG","4","FR","ABC2","A","RE","matthew.v.fields@fakeu.edu"
"7","696894699","Bishop","Ava","UG","4","FR","ABC2","A-","RE","ava.a.bishop@fakeu.edu"
"8","461689805","Bennett","Vincent","UG","4","FR","DEF2","B+","RE","vincent.p.bennett@fakeu.edu"
"9","877833974","Oliver","Melissa","UG","4","FR","ABC2","A","RE","melissa.r.oliver@fakeu.edu"
"10","327055037","Bailey","Nathaniel","UG","4","FR","DEF2","C-","RE","nathaniel.j.bailey2@fakeu.edu"
"11","553062744","Carter","Gael","UG","4","FR","DEF2","A+","RE","gael.g.carter@fakeu.edu"
"12","822455379","Barry","Elizabeth","UG","4","FR","DEF1","B+","RE","elizabeth.o.barry@fakeu.edu"
"13","662590212","Cortez","Jacob","UG","4","FR","DEF1","B","RE","jacob.l.cortez@fakeu.edu"
"14","183372514","Davis","Joshua","UG","4","FR","ABC2","C","RE","joshua.j.davis@fakeu.edu"
"15","967852077","Mccoy","Christopher","UG","4","FR","DEF2","B","RE","christopher.z.mccoy@fakeu.edu"
"16","712910401","Daniels","Maya","UG","4","FR","ABC2","A","RE","maya.k.daniels@fakeu.edu"
"17","178979565","Mccoy","Logan","UG","4","FR","ABC2","A-","RE","logan.b.mccoy@fakeu.edu"
"18","120453127","Rodriquez","Benjamin","UG","4","FR","ABC2","B","RE","benjamin.a.rodriquez@fakeu.edu"
"19","447815455","Navarro","Brianna","UG","4","FR","ABC2","B-","RE","brianna.j.navarro@fakeu.edu"
"20","119159889","Calhoun","Jack","UG","4","FR","ABC2","A-","RE","jack.z.calhoun@fakeu.edu"
"21","608596507","Hinton","Owen","UG","4","FR","OT66","B","RE","owen.m.hinton@fakeu.edu"
"22","663149331","Porter","James","UG","4","FR","ABC2","C","RE","james.e.porter@fakeu.edu"
"23","887691414","Flores","Katherine","UG","4","FR","DEF1","C+","RE","katherine.w.flores@fakeu.edu"
"24","711994840","Sparks","Naomi","UG","4","FR","DEF1","F","RE","naomi.m.sparks@fakeu.edu"
"25","609037770","Barker","Julian","UG","4","FR","DEF2","A-","RE","julian.j.barker@fakeu.edu"
"26","987133430","Cruz","Angel","UG","4","FR","DEF1","B","RE","angel.a.cruz@fakeu.edu"
"27","474380256","Roberson","Samuel","UG","4","FR","DEF1","C","RE","samuel.d.roberson@fakeu.edu"
"28","986175550","Turner","Evan","UG","4","FR","DEF1","B","RE","evan.g.turner@fakeu.edu"
"29","772667857","Dyer","Hannah","UG","4","FR","ABC2","D","RE","hannah.r.dyer@fakeu.edu"
"30","590495147","Brennan","Jesse","UG","4","FR","DEF1","F","RE","jesse.e.brennan@fakeu.edu"
"31","343128723","Rice","Naomi","UG","4","FR","OT21","B","RE","naomi.n.rice@fakeu.edu"
"32","606556922","Boyle","Isabella","UG","4","FR","DEF2","B-","RE","isabella.e.boyle@fakeu.edu"
"33","964086654","Rivera","Ava","UG","4","FR","DEF2","D-","RE","ava.g.rivera@fakeu.edu"
"34","272517505","Morales","Brandon","UG","4","FR","OT60","B+","RE","brandon.s.morales@fakeu.edu"
"35","844980857","Brown","Melissa","UG","4","SO","OT26","F","RE","melissa.e.brown@fakeu.edu"
"36","699078856","Peterson","James","UG","4","SO","ABC1","C-","RE","james.n.peterson@fakeu.edu"
"37","886460881","Vasquez","Xavier","UG","4","JR","O252","B","RE","xavier.j.vasquez@fakeu.edu"
"38","786480561","Martin","Ian","UG","4","FR","OT13","D","RE","ian.w.martin@fakeu.edu"
"39","940851577","Frazier","David","ND","4","ND","O253","C","RE","david.a.frazier@fakeu.edu"
""
"CID","TERM","SUBJ","CRSE","SEC","UNITS"
"69482","200610","ABC","101","4","4"
""
"INSTRUCTOR(S)","TYPE","DAYS","TIME","BUILD","ROOM"
"Fisher, Caleb K.","Discussion","R","8:00 AM - 8:50 AM","TB2","116"
"","Lecture","MWF","1:10 PM - 2:00 PM","MB5","1332"
""
"SEAT","SID","SURNAME","PREFNAME","LEVEL","UNITS","CLASS","MAJOR","GRADE","STATUS","EMAIL"
"1","905468045","Monroe","Emma","GR","4","D1","O170","A-","RE","emma.m.monroe@fakeu.edu"
"2","691564237","Webb","Stephanie","UG","4","SR","OT21","B-","RE","stephanie.v.webb@fakeu.edu"
"3","233180843","Solomon","Jorge","UG","4","JR","O160","B+","RE","jorge.j.solomon@fakeu.edu"
"4","887173011","Fernandez","Steven","UG","4","FR","DEF2","A-","RE","steven.j.fernandez@fakeu.edu"
"5","531836596","Buck","Eduardo","UG","4","FR","OTH7","B","RE","eduardo.l.buck@fakeu.edu"
"6","799343910","Nguyen","Angel","UG","4","FR","ABC2","B-","RE","angel.r.nguyen@fakeu.edu"
"7","997470277","Hall","William","UG","4","SO","ABC2","A","RE","william.e.hall@fakeu.edu"
"8","402351007","Leonard","Bella","UG","4","FR","DEF1","B","RE","bella.b.leonard@fakeu.edu"
"9","293180731","Clark","Mia","UG","4","FR","ABC2","B-","RE","mia.n.clark@fakeu.edu"
"10","275506066","Baker","Sofia","UG","4","FR","OTH8","B","RE","sofia.l.baker@fakeu.edu"
"11","915983660","Wilson","Noah","UG","4","FR","ABC2","A-","RE","noah.a.wilson1@fakeu.edu"
"12","960635866","Russell","Ian","UG","4","FR","DEF2","B-","RE","ian.k.russell@fakeu.edu"
"13","201286231","Adams","Ethan","UG","4","FR","ABC2","A-","RE","ethan.o.adams@fakeu.edu"
"14","545696650","Fisher","Emma","UG","4","FR","DEF2","C","RE","emma.s.fisher@fakeu.edu"
"15","745106077","Robinson","Isaiah","UG","4","FR","DEF2","B+","RE","isaiah.c.robinson1@fakeu.edu"
"16","264469429","Clark","Jorge","UG","4","FR","DEF1","B","RE","jorge.t.clark@fakeu.edu"
"17","967060624","Smith","Kimberly","UG","4","FR","DEF2","D-","RE","kimberly.j.smith@fakeu.edu"
"18","430988356","Warren","David","UG","4","JR","O216","C","RE","david.h.warren@fakeu.edu"
"19","910094510","Banks","Santiago","UG","4","FR","OTH6","B","RE","santiago.e.banks@fakeu.edu"
"20","327190990","Carter","Giovanni","UG","4","FR","ABC1","A-","RE","giovanni.a.carter@fakeu.edu"
"21","399722993","Sanders","Abigail","UG","4","FR","ABC2","F","RE","abigail.j.sanders@fakeu.edu"
"22","699156205","Ross","Katherine","UG","4","FR","DEF2","C","RE","katherine.v.ross@fakeu.edu"
"23","265622333","Smith","Addison","UG","4","SR","O240","A-","RE","addison.f.smith@fakeu.edu"
"24","493291130","Molina","Alejandro","UG","4","JR","OT21","F","RE","alejandro.j.molina@fakeu.edu"
"25","524072554","Burke","Leonardo","ND","4","ND","O253","A","RE","leonardo.m.burke@fakeu.edu"
"26","866635318","Miller","Henry","UG","4","FR","OT64","D","RE","henry.j.miller@fakeu.edu"
"27","608687885","Lowe","Dominic","UG","4","FR","DEF2","C","RE","dominic.j.lowe@fakeu.edu"
"28","155959541","Hopkins","Evelyn","UG","4","FR","DEF2","B","RE","evelyn.i.hopkins@fakeu.edu"
"29","455554453","Franks","Giovanni","UG","4","FR","ABC2","B","RE","giovanni.n.franks@fakeu.edu"
"30","910405212","Hines","Nathan","UG","4","FR","O216","B","RE","nathan.a.hines@fakeu.edu"
"31","511158519","Pitts","Xavier","UG","4","JR","O238","B","RE","xavier.k.pitts@fakeu.edu"
"32","719359050","Lester","Elijah","ND","4","ND","O253","C","RE","elijah.a.lester@fakeu.edu"
"33","220038688","Walker","Emily","ND","4","ND","O253","C","RE","emily.j.walker@fakeu.edu"
"34","275598795","Taylor","Charlotte","UG","4","SO","OT35","C","RE","charlotte.m.taylor@fakeu.edu"
"35","848152597","Owen","Ava","UG","4","SO","O160","C","RE","ava.g.owen@fakeu.edu"
"36","273445354","Wagner","Elijah","UG","4","JR","OT39","C","RE","elijah.p.wagner@fakeu.edu"
"37","382354245","Waters","Sophia","UG","4","FR","O225","B+","RE","sophia.e.waters@fakeu.edu"
"38","175966004","Cohen","Julian","UG","4","SR","OT40","F","RE","julian.s.cohen@fakeu.edu"
""
"CID","TERM","SUBJ","CRSE","SEC","UNITS"
"73056","200610","ABC","101","5","4"
""
"INSTRUCTOR(S)","TYPE","DAYS","TIME","BUILD","ROOM"
"Fisher, Caleb K.","Discussion","F","9:00 AM - 9:50 AM","TB2","118"
"","Lecture","MWF","1:10 PM - 2:00 PM","MB5","1332"
""
"SEAT","SID","SURNAME","PREFNAME","LEVEL","UNITS","CLASS","MAJOR","GRADE","STATUS","EMAIL"
"1","176705980","Keith","Christopher","UG","4","JR","O181","C-","RE","christopher.c.keith@fakeu.edu"
"2","166815978","Romero","Brandon","GR","4","D2","O145","A","RE","brandon.m.romero@fakeu.edu"
"3","695408097","Sampson","Ethan","UG","4","FR","O237","A-","RE","ethan.d.sampson@fakeu.edu"
"4","640413983","Taylor","Liliana","UG","4","FR","ABC2","C+","RE","liliana.g.taylor@fakeu.edu"
"5","794232134","Brooks","Ava","UG","4","FR","DEF2","B","RE","ava.b.brooks@fakeu.edu"
"6","413798861","Mendoza","Dylan","UG","4","SO","DEF2","A","RE","dylan.e.mendoza@fakeu.edu"
"7","981338223","Santiago","Andrew","UG","4","FR","ABC2","A","RE","andrew.j.santiago1@fakeu.edu"
"8","820139018","Lester","Delilah","UG","4","FR","ABC2","A","RE","delilah.m.lester@fakeu.edu"
"9","949647156","Padilla","Emma","UG","4","FR","ABC2","B-","RE","emma.j.padilla@fakeu.edu"
"10","718442025","Jennings","Carlos","UG","4","FR","DEF2","A-","RE","carlos.m.jennings@fakeu.edu"
"11","749933259","Ortiz","Sophia","UG","4","FR","DEF1","A-","RE","sophia.o.ortiz@fakeu.edu"
"12","765203395","Smith","Ryan","UG","4","FR","DEF1","B","RE","ryan.y.smith@fakeu.edu"
"13","789836930","Conner","Madison","UG","4","FR","DEF1","A-","RE","madison.c.conner@fakeu.edu"
"14","524586423","Maynard","Zachary","UG","4","FR","DEF2","B","RE","zachary.m.maynard@fakeu.edu"
"15","168467693","George","Olivia","UG","4","FR","DEF1","B","RE","olivia.a.george@fakeu.edu"
"16","534343803","Quinn","Wyatt","UG","4","SO","DEF2","B","RE","wyatt.a.quinn@fakeu.edu"
"17","525975429","Anderson","Victoria","UG","4","FR","DEF2","C","RE","victoria.b.anderson@fakeu.edu"
"18","665890879","Powell","Isabella","UG","4","FR","DEF2","C","RE","isabella.e.powell@fakeu.edu"
"19","152394989","Collier","Katherine","UG","4","FR","DEF1","D","RE","katherine.z.collier@fakeu.edu"
"20","147194813","Hill","Santiago","UG","4","FR","OT16","C+","RE","santiago.j.hill@fakeu.edu"
"21","120160206","Douglas","Landon","UG","4","JR","OT40","F","RE","landon.w.douglas@fakeu.edu"
"22","747102490","Cooper","Jacob","UG","4","JR","O238","A-","RE","jacob.j.cooper@fakeu.edu"
"23","490891051","Powell","Logan","UG","4","SO","OT44","C-","RE","logan.c.powell@fakeu.edu"
"24","774522335","Bell","Jasmine","GR","4","D2","O191","A-","RE","jasmine.x.bell@fakeu.edu"
"25","388492646","Miller","Jackson","UG","4","FR","ABC2","A-","RE","jackson.n.miller@fakeu.edu"
"26","837255115","Hale","Brandon","UG","4","FR","DEF2","B","RE","brandon.j.hale@fakeu.edu"
"27","379680097","Griffin","Sophia","UG","4","JR","OTH8","F","RE","sophia.k.griffin@fakeu.edu"
"28","260369660","Armstrong","Lucas","ND","4","ND","O253","C","RE","lucas.j.armstrong@fakeu.edu"
"29","612163561","Wagner","Andrew","UG","4","SR","O238","C","RE","andrew.c.wagner@fakeu.edu"
"30","725401776","Roberts","Aubrey","UG","4","SR","OT94","B","RE","aubrey.n.roberts@fakeu.edu"
"31","972502304","Knowles","Julia","UG","4","FR","OT42","A","RE","julia.d.knowles@fakeu.edu"
"32","209059326","Gordon","Gavin","UG","4","JR","O181","F","RE","gavin.v.gordon@fakeu.edu"
""
"CID","TERM","SUBJ","CRSE","SEC","UNITS"
"86850","200610","ABC","103","1","4"
""
"INSTRUCTOR(S)","TYPE","DAYS","TIME","BUILD","ROOM"
"Donaldson, Matthew C.","Lecture","MWF","10:00 AM - 10:50 AM","LH1","94"
"","Laboratory","M","12:10 PM - 3:00 PM","MB6","1149"
""
"SEAT","SID","SURNAME","PREFNAME","LEVEL","UNITS","CLASS","MAJOR","GRADE","STATUS","EMAIL"
"1","529109543","Reid","Luis","UG","4","SR","OT60","A-","RE","luis.j.reid@fakeu.edu"
"2","359951704","Whitaker","Jennifer","UG","4","SR","O239","B+","RE","jennifer.i.whitaker@fakeu.edu"
"3","875337066","Cote","Michael","UG","4","JR","OT60","A-","RE","michael.i.cote@fakeu.edu"
"4","116497848","Knapp","Lily","UG","4","JR","OT40","I","RE","lily.j.knapp@fakeu.edu"
"5","514400244","Gentry","Mateo","UG","4","JR","OTH5","A-","RE","mateo.m.gentry@fakeu.edu"
"6","762456818","Bradley","Amelia","UG","4","JR","OTH8","A-","RE","amelia.a.bradley@fakeu.edu"
"7","421357469","Ingram","Steven","UG","4","JR","O216","A","RE","steven.g.ingram@fakeu.edu"
"8","954699804","Wong","Joshua","UG","4","JR","O216","F","RE","joshua.j.wong@fakeu.edu"
"9","506758613","Craft","David","UG","4","FR","OTH8","B+","RE","david.x.craft@fakeu.edu"
"10","767486281","Morris","Samantha","UG","4","FR","OT48","A-","RE","samantha.a.morris@fakeu.edu"
"11","656520948","Wright","Victor","UG","4","FR","ABC1","A-","RE","victor.n.wright@fakeu.edu"
"12","604074883","Lester","Naomi","UG","4","FR","OT26","A","RE","naomi.l.lester@fakeu.edu"
"13","626696901","Wood","Adrian","UG","4","FR","OT26","B+","RE","adrian.s.wood@fakeu.edu"
"14","618011633","Davis","Valentina","UG","4","SO","O161","A-","RE","valentina.a.davis@fakeu.edu"
"15","328830264","Harris","Kaylee","UG","4","FR","O239","A","RE","kaylee.a.harris@fakeu.edu"
"16","702814258","Taylor","Alex","UG","4","FR","O241","B+","RE","alex.z.taylor@fakeu.edu"
"17","932897196","Gonzalez","Aubrey","UG","4","SO","OT60","B+","RE","aubrey.e.gonzalez@fakeu.edu"
"18","255481816","Murray","Melanie","UG","4","JR","OTH8","B+","RE","melanie.v.murray@fakeu.edu"
"19","187849789","Gonzalez","Luis","UG","4","SR","O180","A","RE","luis.s.gonzalez@fakeu.edu"
"20","192249192","Bowen","William","UG","4","FR","OT32","A","RE","william.q.bowen@fakeu.edu"
"21","889846128","Moreno","Maya","UG","4","FR","OT60","C","RE","maya.d.moreno@fakeu.edu"
"22","653001529","Stafford","Daniel","UG","4","FR","O108","A","RE","daniel.a.stafford@fakeu.edu"
"23","680298143","Johnson","Stella","UG","4","JR","O126","A","RE","stella.n.johnson@fakeu.edu"
""
"CID","TERM","SUBJ","CRSE","SEC","UNITS"
"99098","200610","ABC","103","2","4"
""
"INSTRUCTOR(S)","TYPE","DAYS","TIME","BUILD","ROOM"
"Donaldson, Matthew C.","Lecture","MWF","10:00 AM - 10:50 AM","LH1","94"
"","Laboratory","M","3:10 PM - 6:00 PM","MB6","1149"
""
"SEAT","SID","SURNAME","PREFNAME","LEVEL","UNITS","CLASS","MAJOR","GRADE","STATUS","EMAIL"
"1","653212139","Davis","Anthony","UG","4","SO","OT40","A-","RE","anthony.m.davis@fakeu.edu"
"2","843022535","Stark","Jessica","UG","4","SO","OT20","A","RE","jessica.o.stark@fakeu.edu"
"3","431069168","Smith","Alyssa","UG","4","SO","OT60","A-","RE","alyssa.f.smith@fakeu.edu"
"4","793912356","Riley","Michelle","UG","4","JR","OT13","A","RE","michelle.s.riley@fakeu.edu"
"5","381908420","Richardson","Noah","UG","4","JR","O216","A","RE","noah.d.richardson@fakeu.edu"
"6","540935564","House","Aaron","UG","4","JR","OT21","A","RE","aaron.r.house@fakeu.edu"
"7","831066483","Adams","Liam","UG","4","JR","OT60","B","RE","liam.j.adams@fakeu.edu"
"8","364681875","Burns","Isaac","UG","4","FR","O232","B+","RE","isaac.d.burns@fakeu.edu"
"9","689423974","Boyd","Ethan","UG","4","SO","OT60","A+","RE","ethan.k.boyd@fakeu.edu"
"10","751344314","Snyder","Bella","UG","4","FR","OT60","A-","RE","bella.b.snyder@fakeu.edu"
"11","927587925","Davis","Scarlett","UG","4","FR","OT26","A","RE","scarlett.e.davis1@fakeu.edu"
"12","401683765","Quinn","Sophia","UG","4","FR","O239","A","RE","sophia.b.quinn@fakeu.edu"
"13","263685401","Flores","Matthew","UG","4","FR","O239","B+","RE","matthew.a.flores@fakeu.edu"
"14","781555227","Spencer","Claire","UG","4","FR","OT60","B+","RE","claire.a.spencer@fakeu.edu"
"15","988336826","Mcdowell","Sophie","UG","4","JR","O180","A-","RE","sophie.z.mcdowell@fakeu.edu"
"16","129798910","Johnson","Gabriel","UG","4","SR","O174","B","RE","gabriel.h.johnson@fakeu.edu"
"17","112033214","Russell","Sofia","UG","4","SR","O240","A-","RE","sofia.r.russell@fakeu.edu"
"18","333659678","Robles","Ryan","UG","4","SO","OT20","A","RE","ryan.k.robles@fakeu.edu"
"19","585654936","Harper","Jacob","UG","4","SR","O241","C+","RE","jacob.m.harper@fakeu.edu"
"20","220038688","Walker","Emily","ND","4","ND","O253","B+","RE","emily.j.walker@fakeu.edu"
"21","497614761","Clark","Jordan","UG","4","SO","OT20","B+","RE","jordan.v.clark@fakeu.edu"
"22","260369660","Armstrong","Lucas","ND","4","ND","O253","A","RE","lucas.j.armstrong@fakeu.edu"
"23","266173305","Bruce","Evan","UG","4","SO","OT64","B+","RE","evan.s.bruce@fakeu.edu"
"24","885407567","Hall","Victoria","UG","4","SR","O160","B-","RE","victoria.r.hall@fakeu.edu"
"25","848924204","Hendricks","Oliver","UG","4","SR","O240","A","RE","oliver.s.hendricks@fakeu.edu"
"26","719359050","Lester","Elijah","ND","4","ND","O253","A","RE","elijah.a.lester@fakeu.edu"
""
"CID","TERM","SUBJ","CRSE","SEC","UNITS"
"64131","200610","ABC","103","3","4"
""
"INSTRUCTOR(S)","TYPE","DAYS","TIME","BUILD","ROOM"
"Donaldson, Matthew C.","Lecture","MWF","10:00 AM - 10:50 AM","LH1","94"
"","Laboratory","W","12:10 PM - 3:00 PM","LH3","61"
""
"SEAT","SID","SURNAME","PREFNAME","LEVEL","UNITS","CLASS","MAJOR","GRADE","STATUS","EMAIL"
"1","833644423","Klein","Matthew","UG","4","SR","O160","A","RE","matthew.a.klein@fakeu.edu"
"2","275007795","Wright","Thomas","UG","4","FR","O240","B+","RE","thomas.n.wright@fakeu.edu"
"3","445938679","Gilbert","Camila","UG","4","JR","O174","A-","RE","camila.n.gilbert@fakeu.edu"
"4","935655520","Reed","Alexander","UG","4","FR","OT35","A","RE","alexander.a.reed@fakeu.edu"
"5","260246249","Johnson","Liam","UG","4","FR","DEF1","A","RE","liam.e.johnson@fakeu.edu"
"6","941963006","Taylor","Andrew","UG","4","SO","OT60","C+","RE","andrew.i.taylor@fakeu.edu"
"7","172473609","Spencer","Isabel","UG","4","SR","O239","B-","RE","isabel.g.spencer@fakeu.edu"
"8","146828846","Smith","Victoria","UG","4","JR","O160","A","RE","victoria.a.smith@fakeu.edu"
"9","223468618","Willis","Owen","UG","4","JR","O216","A","RE","owen.b.willis@fakeu.edu"
"10","621346115","Hill","Leah","UG","4","SO","OT16","A","RE","leah.a.hill@fakeu.edu"
"11","719401413","Potts","Katherine","UG","4","FR","OT26","B-","RE","katherine.j.potts@fakeu.edu"
"12","616392031","Allen","Mia","UG","4","FR","O239","A","RE","mia.l.allen@fakeu.edu"
"13","638321410","Suarez","Jose","UG","4","JR","O174","A","RE","jose.b.suarez@fakeu.edu"
"14","864361974","Rodriquez","Caleb","UG","4","JR","O238","A","RE","caleb.a.rodriquez@fakeu.edu"
"15","647488529","Keller","Christopher","UG","4","SO","O240","A","RE","christopher.j.keller@fakeu.edu"
"16","585933772","Heath","Gavin","UG","4","FR","OT62","B+","RE","gavin.u.heath@fakeu.edu"
"17","664487478","Davis","Dominic","UG","4","FR","OT31","A","RE","dominic.a.davis1@fakeu.edu"
"18","517890757","White","Arianna","UG","4","FR","O239","A-","RE","arianna.l.white@fakeu.edu"
"19","232803942","Knight","Joseph","UG","4","FR","OT16","F","RE","joseph.c.knight@fakeu.edu"
""
"CID","TERM","SUBJ","CRSE","SEC","UNITS"
"73211","200610","ABC","103","4","4"
""
"INSTRUCTOR(S)","TYPE","DAYS","TIME","BUILD","ROOM"
"Donaldson, Matthew C.","Lecture","MWF","10:00 AM - 10:50 AM","LH1","94"
"","Laboratory","F","12:10 PM - 3:00 PM","MB6","1149"
""
"SEAT","SID","SURNAME","PREFNAME","LEVEL","UNITS","CLASS","MAJOR","GRADE","STATUS","EMAIL"
"1","644813105","Baker","Vanessa","UG","4","SR","O161","C","RE","vanessa.s.baker@fakeu.edu"
"2","553403757","Thomas","Nicholas","UG","4","FR","OT16","A-","RE","nicholas.j.thomas@fakeu.edu"
"3","525989271","Smith","Ian","UG","4","JR","OT60","B","RE","ian.j.smith@fakeu.edu"
"4","371228457","Larsen","Santiago","UG","4","JR","OT60","C+","RE","santiago.j.larsen@fakeu.edu"
"5","140631994","Clark","Emily","UG","4","SO","OT14","A","RE","emily.n.clark@fakeu.edu"
"6","588797554","Lopez","Emma","UG","4","SO","OT55","A","RE","emma.a.lopez@fakeu.edu"
"7","854897612","Hudson","Ava","UG","4","SR","O239","A","RE","ava.l.hudson@fakeu.edu"
"8","185455400","Pena","Samuel","UG","4","JR","OT60","A","RE","samuel.h.pena@fakeu.edu"
"9","376448454","Adams","Natalie","UG","4","SO","O239","A","RE","natalie.a.adams@fakeu.edu"
"10","288028214","Williamson","Aria","UG","4","SO","O126","B-","RE","aria.a.williamson@fakeu.edu"
"11","231061271","Cox","Samantha","UG","4","JR","O239","A","RE","samantha.a.cox@fakeu.edu"
"12","618736474","Morgan","Layla","UG","4","JR","OT41","B-","RE","layla.a.morgan@fakeu.edu"
"13","654275937","Armstrong","Brandon","UG","4","SO","O239","B+","RE","brandon.c.armstrong@fakeu.edu"
"14","718374734","Tucker","Christopher","ND","4","ND","O253","A","RE","christopher.a.tucker@fakeu.edu"
"15","534832505","Wells","Jayden","UL","4","UL","O216","A","RE","jayden.r.wells@fakeu.edu"
"16","529078950","Jones","Ayden","UG","4","FR","O216","A","RE","ayden.v.jones@fakeu.edu"
"17","684623635","Phillips","Daniel","UG","4","SO","OTH5","A-","RE","daniel.m.phillips@fakeu.edu"
""
"CID","TERM","SUBJ","CRSE","SEC","UNITS"
"58329","200610","ABC","104","1","4"
""
"INSTRUCTOR(S)","TYPE","DAYS","TIME","BUILD","ROOM"
"Martin, Layla L.","Discussion","R","9:00 AM - 9:50 AM","LH2","28"
"","Lecture","TR","1:40 PM - 3:00 PM","TB3","125"
""
"SEAT","SID","SURNAME","PREFNAME","LEVEL","UNITS","CLASS","MAJOR","GRADE","STATUS","EMAIL"
"1","513942874","Casey","Lucas","UG","4","SO","OT98","C","RE","lucas.s.casey@fakeu.edu"
"2","573541619","Kim","Mia","UG","4","SR","DEF1","A","RE","mia.x.kim@fakeu.edu"
"3","373832374","Buckley","Sebastian","UG","4","SR","OT87","B","RE","sebastian.a.buckley@fakeu.edu"
"4","250824731","Rose","Mia","UG","4","SR","O160","C","RE","mia.t.rose@fakeu.edu"
"5","337433992","Anderson","Andrew","UG","4","JR","ABC1","B","RE","andrew.k.anderson@fakeu.edu"
"6","230979780","Mays","Liam","UG","4","JR","OT64","B","RE","liam.d.mays@fakeu.edu"
"7","107824850","Alford","Michael","UG","4","JR","ABC1","B","RE","michael.b.alford@fakeu.edu"
"8","105909837","Mills","Joseph","UG","4","JR","O237","B","RE","joseph.a.mills@fakeu.edu"
"9","524214884","Robinson","Michael","UG","4","JR","ABC2","B","RE","michael.a.robinson@fakeu.edu"
"10","512885849","Smith","Chloe","UG","4","SO","DEF2","C","RE","chloe.n.smith@fakeu.edu"
"11","566661656","Davis","Henry","UG","4","JR","ABC2","B","RE","henry.m.davis@fakeu.edu"
"12","456633062","Sullivan","Aaron","UG","4","SO","ABC1","B-","RE","aaron.d.sullivan@fakeu.edu"
"13","853480849","Fields","Mia","UG","4","SO","OTH8","C-","RE","mia.e.fields@fakeu.edu"
"14","279766195","Carroll","Alexander","UG","4","SO","ABC1","A","RE","alexander.v.carroll@fakeu.edu"
"15","542665085","Williams","Aiden","UG","4","SO","ABC2","A","RE","aiden.a.williams2@fakeu.edu"
"16","500521115","Mendoza","Arianna","UG","4","SO","ABC1","C","RE","arianna.k.mendoza@fakeu.edu"
"17","179095006","Ruiz","Noah","UG","4","SO","ABC1","C-","RE","noah.d.ruiz@fakeu.edu"
"18","346993227","King","Christian","UG","4","SO","OT16","B","RE","christian.l.king@fakeu.edu"
"19","527362561","Hamilton","Brooklyn","UG","4","SO","ABC2","C","RE","brooklyn.n.hamilton@fakeu.edu"
"20","612119229","Diaz","Violet","UG","4","SR","ABC1","C","RE","violet.j.diaz@fakeu.edu"
"21","519834648","Baxter","Benjamin","UG","4","SR","ABC1","A","RE","benjamin.a.baxter@fakeu.edu"
"22","954462060","Henderson","Oliver","UG","4","JR","ABC1","B","RE","oliver.j.henderson@fakeu.edu"
"23","425289753","Whitaker","Matthew","UG","4","JR","ABC2","F","RE","matthew.v.whitaker@fakeu.edu"
"24","813174264","Klein","Joshua","UG","4","JR","ABC1","C","RE","joshua.a.klein@fakeu.edu"
"25","500848276","Hall","Carlos","UG","4","JR","ABC1","C-","RE","carlos.z.hall@fakeu.edu"
"26","651875097","Fisher","Nathaniel","UG","4","JR","ABC1","F","RE","nathaniel.a.fisher@fakeu.edu"
"27","718949365","Whitney","Elijah","UG","4","SO","ABC1","A-","RE","elijah.j.whitney@fakeu.edu"
"28","593987756","Bell","Matthew","UG","4","SO","ABC2","C","RE","matthew.g.bell@fakeu.edu"
"29","290754808","Johnson","Samuel","UG","4","SO","ABC1","C","RE","samuel.v.johnson@fakeu.edu"
"30","532630134","Craft","Ruby","UG","4","SO","ABC1","A-","RE","ruby.a.craft@fakeu.edu"
"31","966862221","Lyons","Adam","UG","4","JR","DEF2","C+","RE","adam.n.lyons@fakeu.edu"
"32","739695579","Salinas","Samuel","UG","4","SO","ABC1","A-","RE","samuel.m.salinas@fakeu.edu"
"33","741735364","Graves","Emily","UG","4","JR","ABC1","C+","RE","emily.a.graves@fakeu.edu"
"34","451455008","Owen","Delilah","UG","4","JR","ABC1","F","RE","delilah.d.owen@fakeu.edu"
"35","577667636","Hill","Addison","UG","4","SO","ABC1","C","RE","addison.k.hill@fakeu.edu"
"36","481516075","Williams","Josiah","UG","4","SR","ABC2","C-","RE","josiah.n.williams@fakeu.edu"
"37","351799421","Duncan","Ethan","UG","4","SR","ABC1","A-","RE","ethan.s.duncan@fakeu.edu"
"38","276459476","Lewis","Alejandro","UG","4","FR","ABC2","A","RE","alejandro.t.lewis@fakeu.edu"
"39","437306442","Daniel","Jeremiah","UG","4","FR","ABC2","D","RE","jeremiah.a.daniel@fakeu.edu"
"40","861695200","Day","Nicholas","UG","4","SO","ABC2","C","RE","nicholas.i.day@fakeu.edu"
"41","476558017","Hobbs","Jesse","UG","4","SO","ABC1","B","RE","jesse.c.hobbs@fakeu.edu"
""
"CID","TERM","SUBJ","CRSE","SEC","UNITS"
"71183","200610","ABC","104","2","4"
""
"INSTRUCTOR(S)","TYPE","DAYS","TIME","BUILD","ROOM"
"Martin, Layla L.","Lecture","TR","1:40 PM - 3:00 PM","TB3","125"
"","Discussion","F","3:10 PM - 4:00 PM","LH1","78"
""
"SEAT","SID","SURNAME","PREFNAME","LEVEL","UNITS","CLASS","MAJOR","GRADE","STATUS","EMAIL"
"1","263965639","Williams","Alex","UG","4","SO","DEF2","A+","RE","alex.g.williams@fakeu.edu"
"2","533557004","Richards","Isaiah","UG","4","SR","ABC1","C","RE","isaiah.j.richards1@fakeu.edu"
"3","263400183","Jackson","Lucas","UG","4","JR","DEF2","D","RE","lucas.a.jackson@fakeu.edu"
"4","713413664","Benton","Vincent","UG","4","JR","DEF2","A","RE","vincent.x.benton@fakeu.edu"
"5","110319795","Jacobs","Liliana","UG","4","SO","ABC1","A","RE","liliana.a.jacobs@fakeu.edu"
"6","369154840","Ray","Charlotte","UG","4","SO","ABC1","B","RE","charlotte.a.ray@fakeu.edu"
"7","152931392","Wall","Valeria","UG","4","SO","O244","B-","RE","valeria.k.wall@fakeu.edu"
"8","356259586","Anderson","Eduardo","UG","4","SO","ABC1","B","RE","eduardo.d.anderson@fakeu.edu"
"9","343801066","Kelly","Sophia","UG","4","SO","ABC1","A","RE","sophia.o.kelly@fakeu.edu"
"10","233427710","Chambers","Ava","UG","4","SO","DEF1","B","RE","ava.n.chambers@fakeu.edu"
"11","658756741","Vang","Alan","UG","4","SO","ABC1","A","RE","alan.c.vang@fakeu.edu"
"12","189447260","Hatfield","Ximena","UG","4","SO","ABC1","B","RE","ximena.j.hatfield@fakeu.edu"
"13","385164991","Clark","Jacob","UG","4","SO","ABC2","C","RE","jacob.j.clark@fakeu.edu"
"14","469914526","Davis","Joseph","UG","4","SO","ABC2","B","RE","joseph.d.davis@fakeu.edu"
"15","448847951","Bates","Claire","UG","4","FR","ABC1","C","RE","claire.a.bates@fakeu.edu"
"16","190586019","Cantrell","Logan","UG","4","FR","ABC1","C","RE","logan.l.cantrell@fakeu.edu"
"17","146828846","Smith","Victoria","UG","4","JR","O160","C","RE","victoria.a.smith@fakeu.edu"
"18","611989640","Anderson","Damian","UG","4","JR","OTH8","B","RE","damian.m.anderson@fakeu.edu"
"19","640238734","Graham","Andrea","UG","4","SR","OT35","A","RE","andrea.g.graham@fakeu.edu"
"20","898157904","Wallace","Andrew","UG","4","JR","ABC1","A","RE","andrew.z.wallace@fakeu.edu"
"21","323021029","Powers","Sebastian","UG","4","JR","ABC1","A-","RE","sebastian.j.powers@fakeu.edu"
"22","609085163","Harris","Alexander","UG","4","JR","ABC1","A","RE","alexander.n.harris@fakeu.edu"
"23","871098809","Carlson","Daniel","UG","4","JR","ABC1","B-","RE","daniel.i.carlson@fakeu.edu"
"24","153170213","Mcdowell","Joshua","UG","4","JR","ABC1","B","RE","joshua.a.mcdowell@fakeu.edu"
"25","677266294","Love","Khloe","UG","4","JR","ABC1","B","RE","khloe.g.love@fakeu.edu"
""
"CID","TERM","SUBJ","CRSE","SEC","UNITS"
"54493","200610","ABC","105","1","4"
""
"INSTRUCTOR(S)","TYPE","DAYS","TIME","BUILD","ROOM"
"Schneider, Daniel D.","Lecture","MWF","1:10 PM - 2:00 PM","MB6","1139"
"","Discussion","W","3:10 PM - 4:00 PM","LH1","34"
""
"SEAT","SID","SURNAME","PREFNAME","LEVEL","UNITS","CLASS","MAJOR","GRADE","STATUS","EMAIL"
"1","236867786","White","Daniel","UG","4","SR","O135","A+","RE","daniel.n.white@fakeu.edu"
"2","351632903","Flores","Dylan","UG","4","JR","O223","B","RE","dylan.v.flores1@fakeu.edu"
"3","130514670","Gonzalez","Angel","UG","4","SR","O223","B","RE","angel.s.gonzalez@fakeu.edu"
"4","471981813","Murphy","Gabriel","UG","4","JR","OT64","B","RE","gabriel.e.murphy@fakeu.edu"
"5","299818814","Thomas","Ethan","UG","4","JR","O135","B","RE","ethan.j.thomas@fakeu.edu"
"6","223253984","Clark","Madison","UG","4","SO","OT55","B","RE","madison.j.clark@fakeu.edu"
"7","945578074","Clark","Kaylee","UG","4","SR","OT64","B+","RE","kaylee.a.clark@fakeu.edu"
"8","193951163","Taylor","Juan","UG","4","SR","OT21","B-","RE","juan.j.taylor1@fakeu.edu"
"9","182439564","Powell","Addison","UG","4","SR","OT35","A","RE","addison.m.powell@fakeu.edu"
"10","488942123","Reyes","Joseph","UG","4","SR","O135","B","RE","joseph.n.reyes@fakeu.edu"
"11","173944162","Pearson","Luke","UG","4","SR","OT39","B","RE","luke.e.pearson@fakeu.edu"
"12","126442414","Hernandez","Jasmine","UG","4","SR","O232","F","RE","jasmine.m.hernandez@fakeu.edu"
"13","661415196","Hartman","Andrea","UG","4","JR","OT42","A","RE","andrea.a.hartman@fakeu.edu"
"14","139602471","Williams","Camila","UG","4","JR","O238","A+","RE","camila.v.williams1@fakeu.edu"
"15","766239766","Silva","Mia","UG","4","JR","OT39","B-","RE","mia.j.silva@fakeu.edu"
"16","625385001","Mullen","Sophia","UG","4","JR","OT42","F","RE","sophia.i.mullen@fakeu.edu"
"17","230979780","Mays","Liam","UG","4","JR","OT64","A+","RE","liam.d.mays@fakeu.edu"
"18","266435181","Brown","Sophia","UG","4","JR","OTH8","F","RE","sophia.l.brown@fakeu.edu"
"19","647478704","Sweet","Isabella","UG","4","SO","OT26","B+","RE","isabella.i.sweet@fakeu.edu"
"20","676882990","Davidson","Brianna","UG","4","SO","OT26","B","RE","brianna.m.davidson@fakeu.edu"
"21","527176990","Santos","Wyatt","UG","4","SO","DEF1","A","RE","wyatt.f.santos@fakeu.edu"
"22","820513283","Jones","Destiny","UG","4","SO","OT26","B+","RE","destiny.n.jones@fakeu.edu"
"23","701245362","Long","Emma","UG","4","SO","ABC1","C","RE","emma.j.long@fakeu.edu"
"24","712272535","Wagner","Christopher","UG","4","SO","OT42","A","RE","christopher.b.wagner@fakeu.edu"
"25","343801066","Kelly","Sophia","UG","4","SO","ABC1","B+","RE","sophia.o.kelly@fakeu.edu"
"26","662681122","Ward","Genesis","UG","4","SO","OT35","C+","RE","genesis.r.ward@fakeu.edu"
"27","601479109","Calhoun","Nicole","UG","4","SO","OT35","A-","RE","nicole.j.calhoun@fakeu.edu"
"28","999204028","Reynolds","Natalie","UG","4","SO","ABC1","A+","RE","natalie.o.reynolds@fakeu.edu"
"29","455094100","Beck","Nicholas","UG","4","SO","OTH8","B-","RE","nicholas.a.beck@fakeu.edu"
"30","183524469","Day","James","UG","4","SO","OT35","B+","RE","james.c.day@fakeu.edu"
"31","796708549","Whitney","Nathan","UG","4","SO","ABC1","B+","RE","nathan.l.whitney@fakeu.edu"
"32","151371887","Sweeney","Nathan","UG","4","SO","OTH8","B+","RE","nathan.d.sweeney@fakeu.edu"
"33","408306633","King","Daniel","UG","4","FR","ABC2","F","RE","daniel.w.king@fakeu.edu"
"34","448847951","Bates","Claire","UG","4","FR","ABC1","A","RE","claire.a.bates@fakeu.edu"
"35","936944698","Smith","Logan","UG","4","SO","OT20","D","RE","logan.e.smith@fakeu.edu"
"36","711284570","Little","Mia","UG","4","FR","ABC1","F","RE","mia.k.little@fakeu.edu"
"37","360525973","Crosby","Jose","UG","4","JR","O244","B","RE","jose.e.crosby@fakeu.edu"
"38","963577171","Hayes","Samuel","UG","4","JR","OT39","D-","RE","samuel.e.hayes@fakeu.edu"
"39","489124372","Klein","Camila","UG","4","JR","OT35","B","RE","camila.a.klein@fakeu.edu"
"40","476591447","Sanchez","Alan","UG","4","JR","OT68","C+","RE","alan.b.sanchez@fakeu.edu"
"41","226666711","Gonzales","Khloe","UG","4","JR","OT42","B-","RE","khloe.m.gonzales@fakeu.edu"
"42","210898134","Maxwell","Julian","UG","4","JR","OT40","A","RE","julian.m.maxwell@fakeu.edu"
"43","958376506","Carter","Levi","UG","4","JR","OT40","D+","RE","levi.f.carter@fakeu.edu"
"44","811996168","Moore","Kevin","UG","4","JR","ABC1","B","RE","kevin.j.moore@fakeu.edu"
"45","940180184","Hill","Daniel","UG","4","FR","OT35","D+","RE","daniel.a.hill2@fakeu.edu"
"46","623707789","Griffith","Emma","UG","4","SO","DEF2","D","RE","emma.n.griffith@fakeu.edu"
"47","875578284","James","Isabella","UG","4","FR","DEF1","C+","RE","isabella.m.james@fakeu.edu"
"48","196052903","Reed","Isabella","UG","4","SO","ABC2","A+","RE","isabella.a.reed@fakeu.edu"
"49","788316421","Irwin","Benjamin","UG","4","SO","OT26","F","RE","benjamin.a.irwin@fakeu.edu"
"50","531070483","Douglas","Aiden","UG","4","SO","OT54","B","RE","aiden.s.douglas@fakeu.edu"
"51","753822553","Davis","Alexander","UG","4","FR","ABC2","A","RE","alexander.j.davis@fakeu.edu"
"52","483563521","Delacruz","Riley","UG","4","FR","DEF2","B+","RE","riley.d.delacruz@fakeu.edu"
"53","539611146","Norris","Samuel","UG","4","FR","ABC2","F","RE","samuel.g.norris@fakeu.edu"
"54","481004570","Rodriguez","Brianna","UG","4","FR","OTH7","B+","RE","brianna.d.rodriguez1@fakeu.edu"
"55","756814866","Long","Jason","UG","4","FR","O216","B+","RE","jason.i.long@fakeu.edu"
"56","732161456","Carey","Samuel","UG","4","FR","ABC2","A+","RE","samuel.j.carey@fakeu.edu"
"57","439217235","Barnes","Isabella","UG","4","SO","O237","F","RE","isabella.a.barnes@fakeu.edu"
"58","343032070","Gonzales","Santiago","UG","4","JR","OT39","D+","RE","santiago.i.gonzales@fakeu.edu"
"59","355546956","Rivera","Isaiah","UG","4","FR","ABC2","B","RE","isaiah.h.rivera@fakeu.edu"
"60","819757696","Brown","Isabella","UG","4","FR","OT68","C","RE","isabella.v.brown1@fakeu.edu"
"61","937731085","Bell","Logan","UG","4","FR","ABC2","A","RE","logan.a.bell1@fakeu.edu"
"62","927485516","Nunez","Aiden","UG","4","JR","OTH8","F","RE","aiden.g.nunez@fakeu.edu"
"63","676629548","Kaufman","Levi","ND","4","ND","O253","A","RE","levi.e.kaufman@fakeu.edu"
"64","842197057","Duran","Mia","UG","4","SO","O240","B-","RE","mia.b.duran@fakeu.edu"
"65","729130191","Salinas","Jesus","UG","4","FR","ABC1","D","RE","jesus.e.salinas@fakeu.edu"
"66","776112828","Ross","Samuel","UG","4","SO","O160","C","RE","samuel.a.ross@fakeu.edu"
"67","932142094","Graham","Hannah","UG","4","FR","O257","F","RE","hannah.j.graham@fakeu.edu"
"68","163704865","Kelly","Delilah","UG","4","JR","O234","B","RE","delilah.t.kelly@fakeu.edu"
""
"CID","TERM","SUBJ","CRSE","SEC","UNITS"
"48265","200610","ABC","105","2","4"
""
"INSTRUCTOR(S)","TYPE","DAYS","TIME","BUILD","ROOM"
"Schneider, Daniel D.","Discussion","W","8:00 AM - 8:50 AM","TB4","103"
"","Lecture","MWF","1:10 PM - 2:00 PM","MB6","1139"
""
"SEAT","SID","SURNAME","PREFNAME","LEVEL","UNITS","CLASS","MAJOR","GRADE","STATUS","EMAIL"
"1","216692461","Ruiz","David","UG","4","SR","O254","D-","RE","david.a.ruiz@fakeu.edu"
"2","373159595","Howell","Alex","UG","4","SO","OT20","D-","RE","alex.x.howell@fakeu.edu"
"3","469380420","Lee","Nathaniel","UG","4","SO","ABC1","A","RE","nathaniel.a.lee@fakeu.edu"
"4","605752532","Patterson","John","UG","4","SO","ABC1","B+","RE","john.b.patterson@fakeu.edu"
"5","483278095","Mann","Ariana","UG","4","SO","DEF1","B+","RE","ariana.m.mann@fakeu.edu"
"6","451455008","Owen","Delilah","UG","4","JR","ABC1","C+","RE","delilah.d.owen@fakeu.edu"
"7","895108775","Haynes","Nevaeh","UG","4","JR","OT35","B+","RE","nevaeh.v.haynes@fakeu.edu"
"8","716341197","Robinson","Nathan","UG","4","SO","OT42","B+","RE","nathan.a.robinson@fakeu.edu"
"9","895313932","Boyd","Charlotte","UG","4","FR","ABC1","D+","RE","charlotte.o.boyd@fakeu.edu"
"10","686748982","Johnson","Genesis","UG","4","FR","ABC1","B+","RE","genesis.m.johnson@fakeu.edu"
"11","389878030","Gonzalez","Ian","UG","4","FR","O223","C","RE","ian.m.gonzalez@fakeu.edu"
"12","474730040","Gill","Isaac","UG","4","FR","OT35","B","RE","isaac.c.gill@fakeu.edu"
"13","912280298","Case","Emma","UG","4","FR","OTH8","B-","RE","emma.s.case@fakeu.edu"
"14","661429525","Smith","Landon","UG","4","FR","OT35","C+","RE","landon.i.smith1@fakeu.edu"
"15","681407583","Johnson","Allison","UG","4","FR","O225","B-","RE","allison.b.johnson@fakeu.edu"
"16","967682640","Jacobs","Emily","UG","4","FR","OT26","C+","RE","emily.g.jacobs@fakeu.edu"
"17","772872076","Mendoza","Melanie","UG","4","SR","DEF1","B","RE","melanie.k.mendoza@fakeu.edu"
"18","711526771","Bennett","Sophia","UG","4","SO","ABC2","B","RE","sophia.a.bennett@fakeu.edu"
"19","993631472","Payne","Owen","UG","4","FR","ABC2","A","RE","owen.l.payne@fakeu.edu"
"20","255925060","Turner","Ryan","UG","4","FR","ABC2","A","RE","ryan.l.turner@fakeu.edu"
"21","579687360","Miller","Noah","UG","4","FR","ABC2","B+","RE","noah.e.miller@fakeu.edu"
"22","605465630","Holcomb","Benjamin","UG","4","FR","DEF1","A+","RE","benjamin.z.holcomb@fakeu.edu"
"23","257584610","Head","Andrea","UG","4","FR","DEF2","B","RE","andrea.v.head@fakeu.edu"
"24","379207637","Olson","Avery","UG","4","FR","ABC2","A","RE","avery.c.olson@fakeu.edu"
"25","928165286","Smith","Savannah","UG","4","SO","ABC2","A-","RE","savannah.l.smith@fakeu.edu"
"26","906578944","Mayer","Alexis","UG","4","FR","ABC2","B","RE","alexis.d.mayer@fakeu.edu"
"27","763690468","Caldwell","Daniel","GR","4","D1","O218","B-","RE","daniel.a.caldwell@fakeu.edu"
"28","757739662","White","Hannah","UG","4","FR","ABC1","A+","RE","hannah.l.white@fakeu.edu"
"29","577667636","Hill","Addison","UG","4","SO","ABC1","C+","RE","addison.k.hill@fakeu.edu"
"30","354418099","Marshall","Lillian","UG","4","SR","O239","F","RE","lillian.a.marshall@fakeu.edu"
"31","912156586","Thomas","Samantha","UG","4","SR","DEF1","A-","RE","samantha.j.thomas@fakeu.edu"
"32","509244614","Landry","Christian","UG","4","JR","OT42","B-","RE","christian.b.landry@fakeu.edu"
"33","269970611","Rosa","Isaac","ND","4","ND","O253","A+","RE","isaac.e.rosa@fakeu.edu"
"34","295516705","Silva","Ethan","ND","4","ND","O253","A+","RE","ethan.e.silva@fakeu.edu"
"35","841935268","Walter","Mila","ND","4","ND","O253","A+","RE","mila.m.walter@fakeu.edu"
"36","644486963","Shannon","Damian","UG","4","FR","OT94","B-","RE","damian.e.shannon@fakeu.edu"
"37","153806089","Boyer","Kimberly","UG","4","FR","OT35","C","RE","kimberly.k.boyer@fakeu.edu"
"38","174276706","Middleton","Jasmine","UG","4","JR","O225","A","RE","jasmine.a.middleton@fakeu.edu"
"39","656502692","Whitehead","Michael","UG","4","SO","OT42","A+","RE","michael.j.whitehead@fakeu.edu"
"40","928977584","Lewis","Jade","UG","4","JR","OTH8","A","RE","jade.o.lewis@fakeu.edu"
"41","253723616","Hill","Aiden","UG","4","JR","ABC1","A+","RE","aiden.j.hill@fakeu.edu"
"42","262556459","Chang","Hunter","UG","4","JR","O240","F","RE","hunter.q.chang@fakeu.edu"
"43","592978339","Lewis","Ava","UG","4","JR","O225","C+","RE","ava.a.lewis1@fakeu.edu"
"44","339760179","Robinson","Christopher","UG","4","FR","OT67","C+","RE","christopher.a.robinson@fakeu.edu"
"45","127479516","Stevens","Luis","UG","4","JR","OT62","C","RE","luis.t.stevens@fakeu.edu"
"46","704698566","Emerson","Victoria","UG","4","SR","O240","D-","RE","victoria.v.emerson@fakeu.edu"
"47","133209495","Sanders","David","UG","4","FR","OTH8","C+","RE","david.j.sanders1@fakeu.edu"
"48","704786827","Fowler","Camila","UG","4","SR","OT35","A","RE","camila.y.fowler@fakeu.edu"
"49","925008085","Evans","Hailey","UG","4","SO","ABC1","A+","RE","hailey.a.evans@fakeu.edu"
"50","414616001","Garza","Tyler","UG","4","JR","OT62","C+","RE","tyler.g.garza@fakeu.edu"
"51","385809655","Hurley","Amelia","UG","4","SO","OTH8","B","RE","amelia.a.hurley@fakeu.edu"
"52","847103512","Kelly","Samantha","UG","4","SR","O244","A+","RE","samantha.f.kelly@fakeu.edu"
"53","483335916","Bright","Scarlett","UG","4","FR","ABC2","A-","RE","scarlett.e.bright@fakeu.edu"
""
"CID","TERM","SUBJ","CRSE","SEC","UNITS"
"99313","200610","ABC","105","3","4"
""
"INSTRUCTOR(S)","TYPE","DAYS","TIME","BUILD","ROOM"
"Schneider, Daniel D.","Lecture","MWF","1:10 PM - 2:00 PM","MB6","1139"
"","Discussion","F","4:10 PM - 5:00 PM","TB3","111"
""
"SEAT","SID","SURNAME","PREFNAME","LEVEL","UNITS","CLASS","MAJOR","GRADE","STATUS","EMAIL"
"1","818184139","Arnold","Damian","UG","4","SR","OT54","A","RE","damian.a.arnold@fakeu.edu"
"2","728570861","Miller","Elijah","UG","4","JR","OT42","A+","RE","elijah.a.miller1@fakeu.edu"
"3","323673048","Stewart","Abigail","UG","4","JR","OT42","A+","RE","abigail.b.stewart@fakeu.edu"
"4","995937320","Larsen","Alejandro","UG","4","SO","DEF1","B+","RE","alejandro.a.larsen@fakeu.edu"
"5","732480714","Rogers","Jayden","UG","4","SO","OT26","B+","RE","jayden.j.rogers@fakeu.edu"
"6","139684952","Carter","Harper","UG","4","SO","DEF1","A","RE","harper.d.carter@fakeu.edu"
"7","340010219","Martin","Natalie","UG","4","SO","OT41","A-","RE","natalie.d.martin@fakeu.edu"
"8","510702495","Scott","Sophia","UG","4","SO","O108","A","RE","sophia.a.scott@fakeu.edu"
"9","424413206","Richards","Jade","UG","4","SO","OT28","B+","RE","jade.a.richards@fakeu.edu"
"10","912580632","Townsend","Matthew","UG","4","JR","OT35","B+","RE","matthew.a.townsend@fakeu.edu"
"11","356864767","Marshall","Jayden","UG","4","FR","ABC1","A","RE","jayden.a.marshall@fakeu.edu"
"12","679358754","Rose","Sarah","UG","4","FR","OT54","C+","RE","sarah.o.rose@fakeu.edu"
"13","250736130","Davis","Emily","UG","4","SO","OT68","C","RE","emily.d.davis@fakeu.edu"
"14","266897966","Cooper","Ryan","UG","4","FR","OT35","A+","RE","ryan.s.cooper@fakeu.edu"
"15","190530214","Williams","Sebastian","UG","4","FR","OT16","B","RE","sebastian.d.williams@fakeu.edu"
"16","576213859","Oliver","Samantha","UG","4","FR","ABC1","A","RE","samantha.b.oliver@fakeu.edu"
"17","155600636","Douglas","Elijah","UG","4","SO","OT16","A","RE","elijah.m.douglas@fakeu.edu"
"18","368652232","Smith","Elijah","UG","4","FR","O223","B-","RE","elijah.a.smith@fakeu.edu"
"19","238476668","Harrison","Jackson","UG","4","SO","OT16","B+","RE","jackson.a.harrison@fakeu.edu"
"20","560980155","Lowery","Lucas","GR","4","D1","O155","A","RE","lucas.a.lowery@fakeu.edu"
"21","470058414","Gibson","Samuel","UG","4","FR","ABC2","B","RE","samuel.i.gibson@fakeu.edu"
"22","230792833","Miller","Camila","UG","4","SO","ABC2","B+","RE","camila.a.miller@fakeu.edu"
"23","601485087","Perry","Melanie","UG","4","FR","DEF1","A-","RE","melanie.a.perry@fakeu.edu"
"24","743596653","O'neil","Alexa","UG","4","FR","DEF2","B-","RE","alexa.j.o'neil@fakeu.edu"
"25","124248744","Turner","Ashley","UG","4","FR","DEF1","B","RE","ashley.i.turner@fakeu.edu"
"26","272153142","Clark","Noah","UG","4","FR","ABC2","A","RE","noah.e.clark@fakeu.edu"
"27","363138491","Harris","Lily","UG","4","FR","ABC2","B","RE","lily.e.harris@fakeu.edu"
"28","375418421","Frank","Abigail","UG","4","FR","DEF2","C+","RE","abigail.m.frank@fakeu.edu"
"29","756891335","Reed","Matthew","UG","4","FR","DEF1","D","RE","matthew.b.reed@fakeu.edu"
"30","126853752","Martin","Andrea","UG","4","FR","ABC2","B+","RE","andrea.j.martin@fakeu.edu"
"31","100715545","Gonzalez","Aubrey","UG","4","FR","ABC2","A","RE","aubrey.j.gonzalez@fakeu.edu"
"32","396032192","Smith","Ava","UG","4","FR","ABC2","A","RE","ava.j.smith1@fakeu.edu"
"33","662756422","Burns","Ariana","UG","4","FR","DEF1","A","RE","ariana.a.burns@fakeu.edu"
"34","703025663","Gay","Matthew","UG","4","FR","ABC2","A+","RE","matthew.s.gay@fakeu.edu"
"35","332316640","Williamson","Brandon","UG","4","FR","ABC2","B","RE","brandon.c.williamson@fakeu.edu"
"36","676642525","Hanson","Sofia","UG","4","FR","DEF1","B+","RE","sofia.e.hanson@fakeu.edu"
"37","429411659","Bennett","Landon","UG","4","FR","ABC1","A","RE","landon.a.bennett@fakeu.edu"
"38","809198543","Schultz","Luis","UG","4","FR","OT88","A-","RE","luis.g.schultz@fakeu.edu"
"39","880815359","Davenport","Ethan","UG","4","JR","OTH8","B-","RE","ethan.a.davenport@fakeu.edu"
"40","123779479","Moore","Gianna","UG","4","SO","OT35","D+","RE","gianna.v.moore@fakeu.edu"
"41","849729125","Hines","Kylie","UG","4","SO","ABC2","F","RE","kylie.s.hines@fakeu.edu"
"42","490528467","Mays","Olivia","UG","4","FR","DEF2","B+","RE","olivia.d.mays@fakeu.edu"
"43","512561194","Wilson","Levi","UG","4","FR","OT10","B","RE","levi.b.wilson@fakeu.edu"
"44","915229974","Parker","Anthony","UG","4","FR","ABC2","A+","RE","anthony.h.parker@fakeu.edu"
"45","818494718","Taylor","Miguel","UG","4","FR","ABC2","B+","RE","miguel.x.taylor@fakeu.edu"
"46","545704659","Stewart","Jacob","UG","4","FR","ABC1","B","RE","jacob.c.stewart@fakeu.edu"
"47","520208969","Mccormick","John","UG","4","SO","DEF1","A+","RE","john.l.mccormick@fakeu.edu"
"48","461728327","Pena","Riley","UG","4","FR","DEF1","A+","RE","riley.e.pena@fakeu.edu"
"49","107608648","Hopper","Jacob","UG","4","FR","OT48","D","RE","jacob.j.hopper@fakeu.edu"
"50","905215024","Bell","John","UG","4","FR","ABC2","F","RE","john.j.bell@fakeu.edu"
"51","718332932","Conner","Jesus","UG","4","JR","OT16","C","RE","jesus.n.conner@fakeu.edu"
"52","316343968","Savage","Isaac","UG","4","SR","OT35","C+","RE","isaac.a.savage@fakeu.edu"
"53","777977359","Velazquez","Daniel","UG","4","FR","ABC2","B+","RE","daniel.n.velazquez@fakeu.edu"
"54","378760906","Williams","Anthony","UG","4","SO","O237","B","RE","anthony.g.williams@fakeu.edu"
"55","886420557","Little","Nathan","UG","4","JR","OTH6","F","RE","nathan.c.little@fakeu.edu"
"56","292327580","Page","Ethan","ND","4","ND","O253","A","RE","ethan.j.page@fakeu.edu"
"57","639754746","Fulton","Logan","UG","4","JR","O234","F","RE","logan.c.fulton@fakeu.edu"
"58","451008998","Brown","Amy","UG","4","FR","DEF1","C+","RE","amy.a.brown@fakeu.edu"
"59","927802002","Coleman","Alyssa","UG","4","FR","OT26","F","RE","alyssa.l.coleman@fakeu.edu"
"60","968304544","Peters","Henry","ND","4","ND","O253","A","RE","henry.j.peters@fakeu.edu"
"61","279267030","Warren","Damian","UG","4","SR","OT35","B-","RE","damian.g.warren@fakeu.edu"
""
"CID","TERM","SUBJ","CRSE","SEC","UNITS"
"65129","200610","ABC","106","1","4"
""
"INSTRUCTOR(S)","TYPE","DAYS","TIME","BUILD","ROOM"
"Cox, Jayden L.","Discussion","W","4:10 PM - 5:00 PM","LH5","2"
"","Lecture","TR","4:40 PM - 6:00 PM","LH1","14"
""
"SEAT","SID","SURNAME","PREFNAME","LEVEL","UNITS","CLASS","MAJOR","GRADE","STATUS","EMAIL"
"1","794127329","James","Jackson","UG","4","SR","OT55","A-","RE","jackson.a.james1@fakeu.edu"
"2","575310990","Davis","Andres","UG","4","SR","O225","A","RE","andres.j.davis@fakeu.edu"
"3","115088611","Martinez","Xavier","UG","4","JR","ABC1","F","RE","xavier.m.martinez@fakeu.edu"
"4","107824850","Alford","Michael","UG","4","JR","ABC1","C+","RE","michael.b.alford@fakeu.edu"
"5","105909837","Mills","Joseph","UG","4","JR","O237","A","RE","joseph.a.mills@fakeu.edu"
"6","414862087","Hartman","Anthony","UG","4","JR","OT35","C+","RE","anthony.x.hartman@fakeu.edu"
"7","783742868","Brown","Christopher","UG","4","SO","ABC1","B","RE","christopher.m.brown1@fakeu.edu"
"8","817257211","Oliver","Dylan","UG","4","SO","DEF2","A","RE","dylan.l.oliver@fakeu.edu"
"9","853480849","Fields","Mia","UG","4","SO","OTH8","C","RE","mia.e.fields@fakeu.edu"
"10","472255666","Sears","Mia","UG","4","SO","DEF1","C","RE","mia.m.sears@fakeu.edu"
"11","142154330","Reyes","Alan","UG","4","SO","DEF1","C+","RE","alan.j.reyes@fakeu.edu"
"12","423689269","Ellison","Gabriel","UG","4","SO","DEF1","C+","RE","gabriel.l.ellison@fakeu.edu"
"13","796644694","Alvarez","Evan","UG","4","SO","O238","B-","RE","evan.n.alvarez@fakeu.edu"
"14","658756741","Vang","Alan","UG","4","SO","ABC1","B-","RE","alan.c.vang@fakeu.edu"
"15","266272411","Warner","Luis","UG","4","SO","ABC2","C+","RE","luis.k.warner@fakeu.edu"
"16","548219619","Weber","Jesus","UG","4","SO","DEF2","C","RE","jesus.a.weber@fakeu.edu"
"17","215070148","Medina","Kaylee","UG","4","SO","OT16","B+","RE","kaylee.j.medina@fakeu.edu"
"18","781814621","Warren","Dylan","UG","4","SO","DEF1","A","RE","dylan.c.warren@fakeu.edu"
"19","178076377","Stephenson","Jessica","UG","4","SO","DEF1","A","RE","jessica.j.stephenson@fakeu.edu"
"20","149372971","Jones","Aaron","UG","4","SO","ABC2","B+","RE","aaron.a.jones1@fakeu.edu"
"21","190586019","Cantrell","Logan","UG","4","FR","ABC1","C-","RE","logan.l.cantrell@fakeu.edu"
"22","126163801","Salazar","Valentina","UG","4","FR","ABC2","C","RE","valentina.s.salazar@fakeu.edu"
"23","606103738","Smith","Jack","UG","4","FR","DEF1","F","RE","jack.r.smith@fakeu.edu"
"24","861695200","Day","Nicholas","UG","4","SO","ABC2","B+","RE","nicholas.i.day@fakeu.edu"
"25","642226773","Bowers","Luis","UG","4","SO","DEF2","C-","RE","luis.a.bowers@fakeu.edu"
"26","329817765","Cooper","Aaliyah","UG","4","SO","OTH4","B-","RE","aaliyah.s.cooper@fakeu.edu"
"27","303635421","Lopez","Jackson","UG","4","SO","OTH7","A","RE","jackson.q.lopez@fakeu.edu"
"28","987972580","Jones","Sophia","UG","4","SR","O238","A","RE","sophia.j.jones@fakeu.edu"
"29","746598347","Spencer","Valerie","UG","4","FR","DEF2","A","RE","valerie.e.spencer@fakeu.edu"
"30","142465906","Brown","Aaliyah","UG","4","SO","O232","A","RE","aaliyah.a.brown@fakeu.edu"
"31","519075365","Neal","Layla","UG","4","SR","O223","C","RE","layla.g.neal@fakeu.edu"
"32","547767047","Wilson","James","UG","4","JR","ABC1","A","RE","james.l.wilson@fakeu.edu"
"33","813174264","Klein","Joshua","UG","4","JR","ABC1","B","RE","joshua.a.klein@fakeu.edu"
"34","324845756","Perez","Michael","UG","4","SR","DEF1","C+","RE","michael.a.perez@fakeu.edu"
"35","992920983","Shepherd","Juan","UG","4","JR","O224","C","RE","juan.j.shepherd@fakeu.edu"
"36","233853930","Phillips","Kaylee","UG","4","JR","ABC1","B","RE","kaylee.j.phillips@fakeu.edu"
"37","167089623","Maddox","Christopher","UG","4","JR","DEF1","F","RE","christopher.o.maddox@fakeu.edu"
"38","812464203","Atkins","Gavin","UG","4","JR","DEF1","C","RE","gavin.n.atkins@fakeu.edu"
"39","620787168","Kennedy","Audrey","UG","4","SO","ABC2","C+","RE","audrey.i.kennedy@fakeu.edu"
"40","315537531","Reed","Evan","UG","4","FR","ABC2","C","RE","evan.g.reed@fakeu.edu"
"41","198090173","Harding","Alan","UG","4","FR","ABC2","A","RE","alan.m.harding@fakeu.edu"
"42","198971327","Diaz","Gael","UG","4","JR","ABC1","D","RE","gael.l.diaz@fakeu.edu"
"43","346993227","King","Christian","UG","4","SO","OT16","C","RE","christian.l.king@fakeu.edu"
"44","516452587","Carroll","Jason","ND","4","ND","O253","F","RE","jason.u.carroll@fakeu.edu"
"45","869496949","Parker","Eva","UG","4","JR","ABC1","A","RE","eva.e.parker@fakeu.edu"
"46","811996168","Moore","Kevin","UG","4","JR","ABC1","B-","RE","kevin.j.moore@fakeu.edu"
"47","503282484","Pitts","Henry","UG","4","FR","OT35","A-","RE","henry.f.pitts@fakeu.edu"
"48","943958051","Cox","Jonathan","UG","4","SO","DEF1","C","RE","jonathan.j.cox1@fakeu.edu"
""
"CID","TERM","SUBJ","CRSE","SEC","UNITS"
"20288","200610","ABC","106","2","4"
""
"INSTRUCTOR(S)","TYPE","DAYS","TIME","BUILD","ROOM"
"Cox, Jayden L.","Discussion","W","2:10 PM - 3:00 PM","MB1","1030"
"","Lecture","TR","4:40 PM - 6:00 PM","LH1","14"
""
"SEAT","SID","SURNAME","PREFNAME","LEVEL","UNITS","CLASS","MAJOR","GRADE","STATUS","EMAIL"
"1","527362561","Hamilton","Brooklyn","UG","4","SO","ABC2","B+","RE","brooklyn.n.hamilton@fakeu.edu"
"2","651660019","West","Scarlett","UG","4","JR","DEF1","A+","RE","scarlett.a.west@fakeu.edu"
"3","147148101","Castro","Adrian","UG","4","SO","ABC1","C","RE","adrian.g.castro@fakeu.edu"
"4","529207320","Stokes","Kaylee","UG","4","SO","O224","A","RE","kaylee.c.stokes@fakeu.edu"
"5","604579434","Marsh","Michael","UG","4","SR","O223","B","RE","michael.s.marsh@fakeu.edu"
"6","406488268","Bailey","Stephanie","UG","4","JR","O237","C","RE","stephanie.i.bailey@fakeu.edu"
"7","966862221","Lyons","Adam","UG","4","JR","DEF2","C","RE","adam.n.lyons@fakeu.edu"
"8","433126514","Glass","Ayden","UL","4","UL","OT39","A","RE","ayden.j.glass@fakeu.edu"
"9","549678619","Benjamin","Alexander","UG","4","JR","OT16","A+","RE","alexander.i.benjamin@fakeu.edu"
"10","954026327","Mason","Josiah","UG","4","JR","OT42","A+","RE","josiah.n.mason@fakeu.edu"
"11","733418926","Stewart","Valentina","UG","4","SO","ABC2","C","RE","valentina.a.stewart@fakeu.edu"
"12","593987756","Bell","Matthew","UG","4","SO","ABC2","B-","RE","matthew.g.bell@fakeu.edu"
"13","376481451","Saunders","Scarlett","UG","4","JR","ABC1","C+","RE","scarlett.g.saunders@fakeu.edu"
"14","348040576","Wolfe","Carlos","UG","4","JR","DEF2","C+","RE","carlos.d.wolfe@fakeu.edu"
"15","841948120","Gutierrez","Claire","UG","4","SO","DEF2","C-","RE","claire.j.gutierrez@fakeu.edu"
"16","136863959","Freeman","Ximena","UG","4","SO","ABC1","A+","RE","ximena.s.freeman@fakeu.edu"
"17","249473819","Compton","Daisy","UG","4","SO","DEF1","B+","RE","daisy.s.compton@fakeu.edu"
"18","356259586","Anderson","Eduardo","UG","4","SO","ABC1","B","RE","eduardo.d.anderson@fakeu.edu"
"19","928221683","Booker","Christian","UG","4","SO","DEF1","A","RE","christian.c.booker@fakeu.edu"
"20","882371163","Vaughn","Luis","UG","4","SO","DEF1","C-","RE","luis.m.vaughn@fakeu.edu"
"21","896178511","Tyler","Katherine","UG","4","SO","ABC1","B+","RE","katherine.a.tyler@fakeu.edu"
"22","310691374","Gonzalez","Delilah","UG","4","SO","DEF2","B-","RE","delilah.l.gonzalez1@fakeu.edu"
"23","631578687","Dotson","Mason","UG","4","FR","ABC2","C-","RE","mason.q.dotson@fakeu.edu"
"24","459531487","Lucas","Aubrey","UG","4","SO","ABC1","C","RE","aubrey.d.lucas@fakeu.edu"
"25","142969512","Simpson","Alexandra","UG","4","SO","ABC2","B-","RE","alexandra.s.simpson@fakeu.edu"
"26","449541821","Hahn","Lucas","UG","4","FR","O225","B","RE","lucas.x.hahn@fakeu.edu"
"27","494601978","Lane","Ivan","UG","4","SO","DEF1","C+","RE","ivan.j.lane@fakeu.edu"
"28","841772009","Frederick","Jayden","UG","4","SO","ABC1","B-","RE","jayden.w.frederick@fakeu.edu"
"29","246026216","Robertson","Genesis","UG","4","SO","DEF1","C-","RE","genesis.j.robertson@fakeu.edu"
"30","306827736","Morse","Benjamin","UG","4","JR","ABC2","F","RE","benjamin.l.morse@fakeu.edu"
"31","609085163","Harris","Alexander","UG","4","JR","ABC1","A","RE","alexander.n.harris@fakeu.edu"
"32","693078181","James","Jayden","UG","4","JR","ABC1","B-","RE","jayden.v.james@fakeu.edu"
"33","800041739","Allen","Andrew","UG","4","FR","ABC2","B","RE","andrew.m.allen@fakeu.edu"
"34","315192402","Manning","Eva","UG","4","SR","O223","F","RE","eva.a.manning@fakeu.edu"
"35","323021029","Powers","Sebastian","UG","4","JR","ABC1","A","RE","sebastian.j.powers@fakeu.edu"
"36","500521115","Mendoza","Arianna","UG","4","SO","ABC1","C","RE","arianna.k.mendoza@fakeu.edu"
"37","162670981","Walker","Andrew","UG","4","JR","ABC1","A-","RE","andrew.a.walker@fakeu.edu"
"38","978061599","Ramsey","Destiny","UG","4","SR","O262","NS","RE","destiny.j.ramsey@fakeu.edu"
"39","291543935","Adams","Xavier","UG","4","SO","ABC2","B-","RE","xavier.g.adams@fakeu.edu"
"40","369933513","Park","Daniel","UG","4","SO","ABC1","C","RE","daniel.l.park@fakeu.edu"
"41","739695579","Salinas","Samuel","UG","4","SO","ABC1","B-","RE","samuel.m.salinas@fakeu.edu"
"42","542045281","West","Diego","UG","4","JR","O239","C-","RE","diego.s.west@fakeu.edu"
"43","438750067","Watts","Ella","ND","4","ND","O253","F","RE","ella.v.watts@fakeu.edu"
"44","258085185","Brennan","Naomi","UG","4","JR","OT42","B","RE","naomi.g.brennan@fakeu.edu"
"45","163286372","Reed","Aiden","UG","4","JR","O225","B-","RE","aiden.x.reed@fakeu.edu"
"46","669051784","Shaffer","Aiden","UG","4","JR","OT42","B","RE","aiden.m.shaffer@fakeu.edu"
"47","106820550","Munoz","Isabella","GR","4","D2","O189","B+","RE","isabella.k.munoz@fakeu.edu"
"48","999737896","Hines","Destiny","UG","4","SR","OT67","B-","RE","destiny.s.hines@fakeu.edu"
"49","328982638","Johnson","Juan","UG","4","JR","DEF1","F","RE","juan.g.johnson@fakeu.edu"
""
"CID","TERM","SUBJ","CRSE","SEC","UNITS"
"33364","200610","ABC","107","1","4"
""
"INSTRUCTOR(S)","TYPE","DAYS","TIME","BUILD","ROOM"
"Diaz, Michelle H.","Lecture","TR","10:30 AM - 11:50 AM","LH5","2"
"","Discussion","W","12:10 PM - 1:00 PM","MB2","1002"
""
"SEAT","SID","SURNAME","PREFNAME","LEVEL","UNITS","CLASS","MAJOR","GRADE","STATUS","EMAIL"
"1","263965639","Williams","Alex","UG","4","SO","DEF2","A+","RE","alex.g.williams@fakeu.edu"
"2","111669249","Hill","Gael","UG","4","SR","OTH7","A","RE","gael.j.hill@fakeu.edu"
"3","481283185","Baker","Angel","UG","4","JR","OT44","B","RE","angel.a.baker@fakeu.edu"
"4","513942874","Casey","Lucas","UG","4","SO","OT98","B+","RE","lucas.s.casey@fakeu.edu"
"5","514123663","Collins","Dylan","UG","4","SR","OT35","A","RE","dylan.j.collins@fakeu.edu"
"6","192505740","Lewis","Ashley","UG","4","SR","OT35","D","RE","ashley.k.lewis@fakeu.edu"
"7","483952303","Garcia","Giovanni","UG","4","JR","ABC2","A","RE","giovanni.s.garcia@fakeu.edu"
"8","441349826","Ellison","Bryan","UG","4","JR","ABC2","A","RE","bryan.v.ellison@fakeu.edu"
"9","456515078","King","Mateo","UG","4","JR","ABC1","A","RE","mateo.a.king2@fakeu.edu"
"10","155951197","Mullen","Joseph","UG","4","JR","ABC2","B","RE","joseph.s.mullen@fakeu.edu"
"11","873445907","Miles","Lily","UG","4","JR","ABC2","C","RE","lily.l.miles@fakeu.edu"
"12","566661656","Davis","Henry","UG","4","JR","ABC2","A","RE","henry.m.davis@fakeu.edu"
"13","456633062","Sullivan","Aaron","UG","4","SO","ABC1","B","RE","aaron.d.sullivan@fakeu.edu"
"14","183445150","Robinson","Jocelyn","UG","4","SO","ABC1","A","RE","jocelyn.v.robinson@fakeu.edu"
"15","474672700","White","Scarlett","UG","4","SO","OT16","F","RE","scarlett.z.white@fakeu.edu"
"16","592309051","Fisher","Gabriel","UG","4","SO","DEF2","A","RE","gabriel.a.fisher@fakeu.edu"
"17","279766195","Carroll","Alexander","UG","4","SO","ABC1","B-","RE","alexander.v.carroll@fakeu.edu"
"18","576314929","Garcia","Ruby","UG","4","SO","ABC2","A","RE","ruby.g.garcia@fakeu.edu"
"19","233427710","Chambers","Ava","UG","4","SO","DEF1","A-","RE","ava.n.chambers@fakeu.edu"
"20","153553348","Jones","Matthew","UG","4","SO","ABC2","B+","RE","matthew.i.jones@fakeu.edu"
"21","740398594","Fisher","Angelina","UG","4","SO","OT20","B+","RE","angelina.a.fisher@fakeu.edu"
"22","532630134","Craft","Ruby","UG","4","SO","ABC1","B+","RE","ruby.a.craft@fakeu.edu"
"23","469914526","Davis","Joseph","UG","4","SO","ABC2","A","RE","joseph.d.davis@fakeu.edu"
"24","670315855","Williams","Jackson","UG","4","SO","ABC2","C","RE","jackson.r.williams@fakeu.edu"
"25","718949365","Whitney","Elijah","UG","4","SO","ABC1","A","RE","elijah.j.whitney@fakeu.edu"
"26","714855857","Fleming","Brianna","UG","4","FR","ABC1","A","RE","brianna.a.fleming@fakeu.edu"
"27","276806591","House","Eva","UG","4","FR","ABC1","F","RE","eva.e.house@fakeu.edu"
"28","817746004","Reynolds","Natalie","UG","4","JR","ABC1","B+","RE","natalie.e.reynolds@fakeu.edu"
"29","416391931","Stephenson","Isabella","UG","4","JR","OT67","B","RE","isabella.l.stephenson@fakeu.edu"
"30","725199320","Mcbride","Nevaeh","UG","4","SO","ABC1","A","RE","nevaeh.b.mcbride@fakeu.edu"
"31","841935268","Walter","Mila","ND","4","ND","O253","C+","RE","mila.m.walter@fakeu.edu"
"32","617548078","Jackson","Jordan","UG","4","SR","OTH7","C+","RE","jordan.l.jackson@fakeu.edu"
"33","503427887","Williams","Isaac","UG","4","SO","ABC2","C","RE","isaac.g.williams@fakeu.edu"
"34","949896659","Johnson","Angelina","UG","4","JR","ABC1","B+","RE","angelina.a.johnson1@fakeu.edu"
"35","269970611","Rosa","Isaac","ND","4","ND","O253","A","RE","isaac.e.rosa@fakeu.edu"
""
"CID","TERM","SUBJ","CRSE","SEC","UNITS"
"34091","200610","ABC","108","1","4"
""
"INSTRUCTOR(S)","TYPE","DAYS","TIME","BUILD","ROOM"
"Diaz, Michelle H.","Lecture","MWF","1:10 PM - 2:00 PM","LH5","47"
"","Discussion","F","4:10 PM - 5:00 PM","LH5","47"
""
"SEAT","SID","SURNAME","PREFNAME","LEVEL","UNITS","CLASS","MAJOR","GRADE","STATUS","EMAIL"
"1","918732721","White","William","UG","4","JR","ABC1","A","RE","william.d.white@fakeu.edu"
"2","962246866","Moore","Andrea","UG","4","SO","ABC2","A","RE","andrea.a.moore@fakeu.edu"
"3","840405104","Graham","Emma","UG","4","JR","OT16","A-","RE","emma.v.graham@fakeu.edu"
"4","402006812","Griffith","Kevin","UG","4","JR","ABC2","A-","RE","kevin.r.griffith@fakeu.edu"
"5","619011010","Watson","Alexander","UG","4","SR","OTH7","B","RE","alexander.j.watson1@fakeu.edu"
"6","514123663","Collins","Dylan","UG","4","SR","OT35","A-","RE","dylan.j.collins@fakeu.edu"
"7","501895336","Rios","Vanessa","UG","4","SR","ABC1","C","RE","vanessa.j.rios@fakeu.edu"
"8","800589968","Waller","Jacob","UG","4","JR","OT35","B+","RE","jacob.b.waller@fakeu.edu"
"9","960812949","Alexander","Kimberly","UG","4","JR","O240","A","RE","kimberly.d.alexander@fakeu.edu"
"10","720883566","Mcgowan","Hailey","UG","4","JR","OTH8","B","RE","hailey.g.mcgowan@fakeu.edu"
"11","194185689","Brady","Carlos","UG","4","JR","ABC1","C","RE","carlos.r.brady@fakeu.edu"
"12","873445907","Miles","Lily","UG","4","JR","ABC2","C-","RE","lily.l.miles@fakeu.edu"
"13","527340139","Gibson","Jose","UG","4","JR","ABC1","B","RE","jose.d.gibson@fakeu.edu"
"14","468392299","Johnson","Jacob","UG","4","JR","ABC2","C-","RE","jacob.a.johnson2@fakeu.edu"
"15","383053286","Hughes","Isaac","UG","4","SO","ABC1","A+","RE","isaac.z.hughes@fakeu.edu"
"16","632454005","Clark","Kaylee","UG","4","SO","ABC2","B-","RE","kaylee.g.clark@fakeu.edu"
"17","153553348","Jones","Matthew","UG","4","SO","ABC2","A","RE","matthew.i.jones@fakeu.edu"
"18","743767327","Chambers","Michael","UG","4","SO","ABC1","A-","RE","michael.m.chambers@fakeu.edu"
"19","870698682","Roman","Kaylee","UG","4","SO","DEF2","D","RE","kaylee.g.roman@fakeu.edu"
"20","757982709","Kramer","Levi","UG","4","SO","DEF1","C-","RE","levi.a.kramer@fakeu.edu"
"21","276806591","House","Eva","UG","4","FR","ABC1","F","RE","eva.e.house@fakeu.edu"
"22","710071441","Davis","Jordan","UG","4","SR","ABC1","C","RE","jordan.d.davis@fakeu.edu"
"23","231773847","Robinson","Samantha","UG","4","JR","ABC1","A-","RE","samantha.l.robinson@fakeu.edu"
"24","212559195","Bennett","Isaiah","UG","4","JR","ABC2","C-","RE","isaiah.c.bennett@fakeu.edu"
"25","537811532","Conner","Julian","U2","4","U2","ABC2","A-","RE","julian.v.conner@fakeu.edu"
"26","307834744","Turner","Aria","UG","4","JR","ABC2","B+","RE","aria.g.turner@fakeu.edu"
"27","833936714","Munoz","Daniel","UG","4","JR","ABC2","C+","RE","daniel.e.munoz@fakeu.edu"
"28","792242089","Warren","Emma","UG","4","JR","ABC2","A","RE","emma.h.warren@fakeu.edu"
"29","308822838","Edwards","Oliver","UG","4","JR","ABC1","A","RE","oliver.g.edwards@fakeu.edu"
"30","754210511","Lee","Melissa","UG","4","JR","ABC1","F","RE","melissa.a.lee@fakeu.edu"
"31","400187153","Vega","Michael","UG","4","JR","ABC2","B+","RE","michael.v.vega@fakeu.edu"
"32","343407072","Thomas","Daniel","UG","4","SR","DEF2","C+","RE","daniel.l.thomas@fakeu.edu"
"33","177535606","Mills","William","UG","4","JR","ABC1","I","RE","william.p.mills@fakeu.edu"
"34","612119229","Diaz","Violet","UG","4","SR","ABC1","B-","RE","violet.j.diaz@fakeu.edu"
"35","527316196","Taylor","Mateo","UG","4","JR","DEF2","C+","RE","mateo.v.taylor@fakeu.edu"
"36","950865604","Gordon","Layla","UG","4","JR","ABC1","A","RE","layla.j.gordon@fakeu.edu"
"37","278739199","Baldwin","Luis","UG","4","SO","DEF2","B","RE","luis.b.baldwin@fakeu.edu"
"38","694635615","Simpson","Dylan","UG","4","SR","O225","B","RE","dylan.l.simpson@fakeu.edu"
"39","423540312","Fernandez","Christopher","UG","4","SR","ABC1","B","RE","christopher.l.fernandez@fakeu.edu"
"40","345967431","Kelly","Vanessa","UG","4","JR","ABC1","D-","RE","vanessa.v.kelly@fakeu.edu"
"41","686064297","Jarvis","Thomas","GR","4","GM","DEFG","A","RE","thomas.n.jarvis@fakeu.edu"
"42","452520010","Smith","Landon","UG","4","SR","OT42","C","RE","landon.i.smith@fakeu.edu"
"43","106820550","Munoz","Isabella","GR","4","D2","O189","B+","RE","isabella.k.munoz@fakeu.edu"
"44","787668826","King","Victoria","UG","4","JR","ABC1","F","RE","victoria.c.king@fakeu.edu"
""
"CID","TERM","SUBJ","CRSE","SEC","UNITS"
"94066","200610","ABC","112","0","1.000 - 5.000"
""
"INSTRUCTOR(S)","TYPE","DAYS","TIME","BUILD","ROOM"
"","Internship","","","",""
""
"SEAT","SID","SURNAME","PREFNAME","LEVEL","UNITS","CLASS","MAJOR","GRADE","STATUS","EMAIL"
""
"CID","TERM","SUBJ","CRSE","SEC","UNITS"
"23881","200610","ABC","112","1","1.000 - 5.000"
""
"INSTRUCTOR(S)","TYPE","DAYS","TIME","BUILD","ROOM"
"","Internship","","","",""
""
"SEAT","SID","SURNAME","PREFNAME","LEVEL","UNITS","CLASS","MAJOR","GRADE","STATUS","EMAIL"
""
"CID","TERM","SUBJ","CRSE","SEC","UNITS"
"97534","200610","ABC","112","2","1.000 - 5.000"
""
"INSTRUCTOR(S)","TYPE","DAYS","TIME","BUILD","ROOM"
"Perry, Katherine V.","Internship","","","",""
""
"SEAT","SID","SURNAME","PREFNAME","LEVEL","UNITS","CLASS","MAJOR","GRADE","STATUS","EMAIL"
""
"CID","TERM","SUBJ","CRSE","SEC","UNITS"
"66849","200610","ABC","112","3","1.000 - 5.000"
""
"INSTRUCTOR(S)","TYPE","DAYS","TIME","BUILD","ROOM"
"Sullivan, Jordan H.","Internship","","","",""
""
"SEAT","SID","SURNAME","PREFNAME","LEVEL","UNITS","CLASS","MAJOR","GRADE","STATUS","EMAIL"
""
"CID","TERM","SUBJ","CRSE","SEC","UNITS"
"17655","200610","ABC","112","4","1.000 - 5.000"
""
"INSTRUCTOR(S)","TYPE","DAYS","TIME","BUILD","ROOM"
"Herring, Nathan L.","Internship","","","",""
""
"SEAT","SID","SURNAME","PREFNAME","LEVEL","UNITS","CLASS","MAJOR","GRADE","STATUS","EMAIL"
""
"CID","TERM","SUBJ","CRSE","SEC","UNITS"
"49937","200610","ABC","112","5","1.000 - 5.000"
""
"INSTRUCTOR(S)","TYPE","DAYS","TIME","BUILD","ROOM"
"Bennett, Henry A.","Internship","","","",""
""
"SEAT","SID","SURNAME","PREFNAME","LEVEL","UNITS","CLASS","MAJOR","GRADE","STATUS","EMAIL"
""
"CID","TERM","SUBJ","CRSE","SEC","UNITS"
"26229","200610","ABC","112","6","1.000 - 5.000"
""
"INSTRUCTOR(S)","TYPE","DAYS","TIME","BUILD","ROOM"
"Olson, Jennifer D.","Internship","","","",""
""
"SEAT","SID","SURNAME","PREFNAME","LEVEL","UNITS","CLASS","MAJOR","GRADE","STATUS","EMAIL"
""
"CID","TERM","SUBJ","CRSE","SEC","UNITS"
"75898","200610","ABC","112","7","1.000 - 5.000"
""
"INSTRUCTOR(S)","TYPE","DAYS","TIME","BUILD","ROOM"
"Hayden, Ryan L.","Internship","","","",""
""
"SEAT","SID","SURNAME","PREFNAME","LEVEL","UNITS","CLASS","MAJOR","GRADE","STATUS","EMAIL"
""
"CID","TERM","SUBJ","CRSE","SEC","UNITS"
"44804","200610","ABC","112","8","1.000 - 5.000"
""
"INSTRUCTOR(S)","TYPE","DAYS","TIME","BUILD","ROOM"
"Battle, Gianna M.","Internship","","","",""
""
"SEAT","SID","SURNAME","PREFNAME","LEVEL","UNITS","CLASS","MAJOR","GRADE","STATUS","EMAIL"
""
"CID","TERM","SUBJ","CRSE","SEC","UNITS"
"61367","200610","ABC","112","9","1.000 - 5.000"
""
"INSTRUCTOR(S)","TYPE","DAYS","TIME","BUILD","ROOM"
"Cox, Jayden L.","Internship","","","",""
""
"SEAT","SID","SURNAME","PREFNAME","LEVEL","UNITS","CLASS","MAJOR","GRADE","STATUS","EMAIL"
""
"CID","TERM","SUBJ","CRSE","SEC","UNITS"
"50303","200610","ABC","112","10","1.000 - 5.000"
""
"INSTRUCTOR(S)","TYPE","DAYS","TIME","BUILD","ROOM"
"Johnson, Abigail N.","Internship","","","",""
""
"SEAT","SID","SURNAME","PREFNAME","LEVEL","UNITS","CLASS","MAJOR","GRADE","STATUS","EMAIL"
""
"CID","TERM","SUBJ","CRSE","SEC","UNITS"
"10436","200610","ABC","112","11","1.000 - 5.000"
""
"INSTRUCTOR(S)","TYPE","DAYS","TIME","BUILD","ROOM"
"Reese, Ryan X.","Internship","","","",""
""
"SEAT","SID","SURNAME","PREFNAME","LEVEL","UNITS","CLASS","MAJOR","GRADE","STATUS","EMAIL"
""
"CID","TERM","SUBJ","CRSE","SEC","UNITS"
"73423","200610","ABC","112","12","1.000 - 5.000"
""
"INSTRUCTOR(S)","TYPE","DAYS","TIME","BUILD","ROOM"
"Larsen, Ava S.","Internship","","","",""
""
"SEAT","SID","SURNAME","PREFNAME","LEVEL","UNITS","CLASS","MAJOR","GRADE","STATUS","EMAIL"
""
"CID","TERM","SUBJ","CRSE","SEC","UNITS"
"26784","200610","ABC","112","13","1.000 - 5.000"
""
"INSTRUCTOR(S)","TYPE","DAYS","TIME","BUILD","ROOM"
"Snyder, Samantha R.","Internship","","","",""
""
"SEAT","SID","SURNAME","PREFNAME","LEVEL","UNITS","CLASS","MAJOR","GRADE","STATUS","EMAIL"
""
"CID","TERM","SUBJ","CRSE","SEC","UNITS"
"69587","200610","ABC","112","14","1.000 - 5.000"
""
"INSTRUCTOR(S)","TYPE","DAYS","TIME","BUILD","ROOM"
"Williams, Juan L.","Internship","","","",""
""
"SEAT","SID","SURNAME","PREFNAME","LEVEL","UNITS","CLASS","MAJOR","GRADE","STATUS","EMAIL"
""
"CID","TERM","SUBJ","CRSE","SEC","UNITS"
"17644","200610","ABC","112","15","1.000 - 5.000"
""
"INSTRUCTOR(S)","TYPE","DAYS","TIME","BUILD","ROOM"
"Parker, Alejandro G.","Internship","","","",""
""
"SEAT","SID","SURNAME","PREFNAME","LEVEL","UNITS","CLASS","MAJOR","GRADE","STATUS","EMAIL"
""
"CID","TERM","SUBJ","CRSE","SEC","UNITS"
"22731","200610","ABC","112","16","1.000 - 5.000"
""
"INSTRUCTOR(S)","TYPE","DAYS","TIME","BUILD","ROOM"
"Cox, Ayden C.","Internship","","","",""
""
"SEAT","SID","SURNAME","PREFNAME","LEVEL","UNITS","CLASS","MAJOR","GRADE","STATUS","EMAIL"
""
"CID","TERM","SUBJ","CRSE","SEC","UNITS"
"23096","200610","ABC","112","17","1.000 - 5.000"
""
"INSTRUCTOR(S)","TYPE","DAYS","TIME","BUILD","ROOM"
"Rutledge, Ashley B.","Internship","","","",""
""
"SEAT","SID","SURNAME","PREFNAME","LEVEL","UNITS","CLASS","MAJOR","GRADE","STATUS","EMAIL"
""
"CID","TERM","SUBJ","CRSE","SEC","UNITS"
"70427","200610","ABC","112","18","1.000 - 5.000"
""
"INSTRUCTOR(S)","TYPE","DAYS","TIME","BUILD","ROOM"
"Cobb, Sophie A.","Internship","","","",""
""
"SEAT","SID","SURNAME","PREFNAME","LEVEL","UNITS","CLASS","MAJOR","GRADE","STATUS","EMAIL"
""
"CID","TERM","SUBJ","CRSE","SEC","UNITS"
"93692","200610","ABC","112","19","1.000 - 5.000"
""
"INSTRUCTOR(S)","TYPE","DAYS","TIME","BUILD","ROOM"
"Morris, Evan E.","Internship","","","",""
""
"SEAT","SID","SURNAME","PREFNAME","LEVEL","UNITS","CLASS","MAJOR","GRADE","STATUS","EMAIL"
""
"CID","TERM","SUBJ","CRSE","SEC","UNITS"
"20567","200610","ABC","112","20","1.000 - 5.000"
""
"INSTRUCTOR(S)","TYPE","DAYS","TIME","BUILD","ROOM"
"Green, Isabella M.","Internship","","","",""
""
"SEAT","SID","SURNAME","PREFNAME","LEVEL","UNITS","CLASS","MAJOR","GRADE","STATUS","EMAIL"
""
"CID","TERM","SUBJ","CRSE","SEC","UNITS"
"50694","200610","ABC","112","21","1.000 - 5.000"
""
"INSTRUCTOR(S)","TYPE","DAYS","TIME","BUILD","ROOM"
"Edwards, Maya N.","Internship","","","",""
""
"SEAT","SID","SURNAME","PREFNAME","LEVEL","UNITS","CLASS","MAJOR","GRADE","STATUS","EMAIL"
""
"CID","TERM","SUBJ","CRSE","SEC","UNITS"
"70026","200610","ABC","112","22","1.000 - 5.000"
""
"INSTRUCTOR(S)","TYPE","DAYS","TIME","BUILD","ROOM"
"Moore, Isabella M.","Internship","","","",""
""
"SEAT","SID","SURNAME","PREFNAME","LEVEL","UNITS","CLASS","MAJOR","GRADE","STATUS","EMAIL"
""
"CID","TERM","SUBJ","CRSE","SEC","UNITS"
"85846","200610","ABC","112","23","1.000 - 5.000"
""
"INSTRUCTOR(S)","TYPE","DAYS","TIME","BUILD","ROOM"
"Donaldson, Matthew C.","Internship","","","",""
""
"SEAT","SID","SURNAME","PREFNAME","LEVEL","UNITS","CLASS","MAJOR","GRADE","STATUS","EMAIL"
""
"CID","TERM","SUBJ","CRSE","SEC","UNITS"
"38109","200610","ABC","112","24","1.000 - 5.000"
""
"INSTRUCTOR(S)","TYPE","DAYS","TIME","BUILD","ROOM"
"Downs, Jesus C.","Internship","","","",""
""
"SEAT","SID","SURNAME","PREFNAME","LEVEL","UNITS","CLASS","MAJOR","GRADE","STATUS","EMAIL"
""
"CID","TERM","SUBJ","CRSE","SEC","UNITS"
"53829","200610","ABC","112","25","1.000 - 5.000"
""
"INSTRUCTOR(S)","TYPE","DAYS","TIME","BUILD","ROOM"
"Morales, Victoria E.","Internship","","","",""
""
"SEAT","SID","SURNAME","PREFNAME","LEVEL","UNITS","CLASS","MAJOR","GRADE","STATUS","EMAIL"
""
"CID","TERM","SUBJ","CRSE","SEC","UNITS"
"11693","200610","ABC","112","26","1.000 - 5.000"
""
"INSTRUCTOR(S)","TYPE","DAYS","TIME","BUILD","ROOM"
"Rogers, Emma J.","Internship","","","",""
""
"SEAT","SID","SURNAME","PREFNAME","LEVEL","UNITS","CLASS","MAJOR","GRADE","STATUS","EMAIL"
""
"CID","TERM","SUBJ","CRSE","SEC","UNITS"
"42005","200610","ABC","112","27","1.000 - 5.000"
""
"INSTRUCTOR(S)","TYPE","DAYS","TIME","BUILD","ROOM"
"Vinson, Dominic A.","Internship","","","",""
""
"SEAT","SID","SURNAME","PREFNAME","LEVEL","UNITS","CLASS","MAJOR","GRADE","STATUS","EMAIL"
""
"CID","TERM","SUBJ","CRSE","SEC","UNITS"
"37933","200610","ABC","112","28","1.000 - 5.000"
""
"INSTRUCTOR(S)","TYPE","DAYS","TIME","BUILD","ROOM"
"Reeves, Brayden L.","Internship","","","",""
""
"SEAT","SID","SURNAME","PREFNAME","LEVEL","UNITS","CLASS","MAJOR","GRADE","STATUS","EMAIL"
""
"CID","TERM","SUBJ","CRSE","SEC","UNITS"
"10064","200610","ABC","112","29","1.000 - 5.000"
""
"INSTRUCTOR(S)","TYPE","DAYS","TIME","BUILD","ROOM"
"Fisher, Caleb K.","Internship","","","",""
""
"SEAT","SID","SURNAME","PREFNAME","LEVEL","UNITS","CLASS","MAJOR","GRADE","STATUS","EMAIL"
""
"CID","TERM","SUBJ","CRSE","SEC","UNITS"
"74441","200610","ABC","112","30","1.000 - 5.000"
""
"INSTRUCTOR(S)","TYPE","DAYS","TIME","BUILD","ROOM"
"Davis, Xavier M.","Internship","","","",""
""
"SEAT","SID","SURNAME","PREFNAME","LEVEL","UNITS","CLASS","MAJOR","GRADE","STATUS","EMAIL"
""
"CID","TERM","SUBJ","CRSE","SEC","UNITS"
"35042","200610","ABC","112","31","1.000 - 5.000"
""
"INSTRUCTOR(S)","TYPE","DAYS","TIME","BUILD","ROOM"
"Miller, Liam M.","Internship","","","",""
""
"SEAT","SID","SURNAME","PREFNAME","LEVEL","UNITS","CLASS","MAJOR","GRADE","STATUS","EMAIL"
""
"CID","TERM","SUBJ","CRSE","SEC","UNITS"
"69974","200610","ABC","112","32","1.000 - 5.000"
""
"INSTRUCTOR(S)","TYPE","DAYS","TIME","BUILD","ROOM"
"White, Jose E.","Internship","","","",""
""
"SEAT","SID","SURNAME","PREFNAME","LEVEL","UNITS","CLASS","MAJOR","GRADE","STATUS","EMAIL"
""
"CID","TERM","SUBJ","CRSE","SEC","UNITS"
"42579","200610","ABC","112","33","1.000 - 5.000"
""
"INSTRUCTOR(S)","TYPE","DAYS","TIME","BUILD","ROOM"
"Carpenter, Grace S.","Internship","","","",""
""
"SEAT","SID","SURNAME","PREFNAME","LEVEL","UNITS","CLASS","MAJOR","GRADE","STATUS","EMAIL"
""
"CID","TERM","SUBJ","CRSE","SEC","UNITS"
"76994","200610","ABC","112","34","1.000 - 5.000"
""
"INSTRUCTOR(S)","TYPE","DAYS","TIME","BUILD","ROOM"
"Diaz, Michelle H.","Internship","","","",""
""
"SEAT","SID","SURNAME","PREFNAME","LEVEL","UNITS","CLASS","MAJOR","GRADE","STATUS","EMAIL"
""
"CID","TERM","SUBJ","CRSE","SEC","UNITS"
"26015","200610","ABC","112","35","1.000 - 5.000"
""
"INSTRUCTOR(S)","TYPE","DAYS","TIME","BUILD","ROOM"
"Parsons, Mia E.","Internship","","","",""
""
"SEAT","SID","SURNAME","PREFNAME","LEVEL","UNITS","CLASS","MAJOR","GRADE","STATUS","EMAIL"
""
"CID","TERM","SUBJ","CRSE","SEC","UNITS"
"86424","200610","ABC","112","36","1.000 - 5.000"
""
"INSTRUCTOR(S)","TYPE","DAYS","TIME","BUILD","ROOM"
"Carpenter, Samantha J.","Internship","","","",""
""
"SEAT","SID","SURNAME","PREFNAME","LEVEL","UNITS","CLASS","MAJOR","GRADE","STATUS","EMAIL"
""
"CID","TERM","SUBJ","CRSE","SEC","UNITS"
"28250","200610","ABC","112","37","1.000 - 5.000"
""
"INSTRUCTOR(S)","TYPE","DAYS","TIME","BUILD","ROOM"
"Hill, Melody B.","Internship","","","",""
""
"SEAT","SID","SURNAME","PREFNAME","LEVEL","UNITS","CLASS","MAJOR","GRADE","STATUS","EMAIL"
""
"CID","TERM","SUBJ","CRSE","SEC","UNITS"
"52470","200610","ABC","112","38","1.000 - 5.000"
""
"INSTRUCTOR(S)","TYPE","DAYS","TIME","BUILD","ROOM"
"","Internship","","","",""
""
"SEAT","SID","SURNAME","PREFNAME","LEVEL","UNITS","CLASS","MAJOR","GRADE","STATUS","EMAIL"
""
"CID","TERM","SUBJ","CRSE","SEC","UNITS"
"13707","200610","ABC","112","39","1.000 - 5.000"
""
"INSTRUCTOR(S)","TYPE","DAYS","TIME","BUILD","ROOM"
"","Internship","","","",""
""
"SEAT","SID","SURNAME","PREFNAME","LEVEL","UNITS","CLASS","MAJOR","GRADE","STATUS","EMAIL"
""
"CID","TERM","SUBJ","CRSE","SEC","UNITS"
"83561","200610","ABC","112","40","1.000 - 5.000"
""
"INSTRUCTOR(S)","TYPE","DAYS","TIME","BUILD","ROOM"
"","Internship","","","",""
""
"SEAT","SID","SURNAME","PREFNAME","LEVEL","UNITS","CLASS","MAJOR","GRADE","STATUS","EMAIL"
""
"CID","TERM","SUBJ","CRSE","SEC","UNITS"
"35983","200610","ABC","112","41","1.000 - 5.000"
""
"INSTRUCTOR(S)","TYPE","DAYS","TIME","BUILD","ROOM"
"","Internship","","","",""
""
"SEAT","SID","SURNAME","PREFNAME","LEVEL","UNITS","CLASS","MAJOR","GRADE","STATUS","EMAIL"
""
"CID","TERM","SUBJ","CRSE","SEC","UNITS"
"24721","200610","ABC","112","42","1.000 - 5.000"
""
"INSTRUCTOR(S)","TYPE","DAYS","TIME","BUILD","ROOM"
"Witt, Noah A.","Internship","","","",""
""
"SEAT","SID","SURNAME","PREFNAME","LEVEL","UNITS","CLASS","MAJOR","GRADE","STATUS","EMAIL"
""
"CID","TERM","SUBJ","CRSE","SEC","UNITS"
"67873","200610","ABC","113","0","1.000 - 5.000"
""
"INSTRUCTOR(S)","TYPE","DAYS","TIME","BUILD","ROOM"
"","Variable","","","",""
""
"SEAT","SID","SURNAME","PREFNAME","LEVEL","UNITS","CLASS","MAJOR","GRADE","STATUS","EMAIL"
""
"CID","TERM","SUBJ","CRSE","SEC","UNITS"
"90734","200610","ABC","113","1","1.000 - 5.000"
""
"INSTRUCTOR(S)","TYPE","DAYS","TIME","BUILD","ROOM"
"","Variable","","","",""
""
"SEAT","SID","SURNAME","PREFNAME","LEVEL","UNITS","CLASS","MAJOR","GRADE","STATUS","EMAIL"
""
"CID","TERM","SUBJ","CRSE","SEC","UNITS"
"64818","200610","ABC","113","2","1.000 - 5.000"
""
"INSTRUCTOR(S)","TYPE","DAYS","TIME","BUILD","ROOM"
"Perry, Katherine V.","Variable","","","",""
""
"SEAT","SID","SURNAME","PREFNAME","LEVEL","UNITS","CLASS","MAJOR","GRADE","STATUS","EMAIL"
""
"CID","TERM","SUBJ","CRSE","SEC","UNITS"
"94947","200610","ABC","113","3","1.000 - 5.000"
""
"INSTRUCTOR(S)","TYPE","DAYS","TIME","BUILD","ROOM"
"Sullivan, Jordan H.","Variable","","","",""
""
"SEAT","SID","SURNAME","PREFNAME","LEVEL","UNITS","CLASS","MAJOR","GRADE","STATUS","EMAIL"
""
"CID","TERM","SUBJ","CRSE","SEC","UNITS"
"48047","200610","ABC","113","4","1.000 - 5.000"
""
"INSTRUCTOR(S)","TYPE","DAYS","TIME","BUILD","ROOM"
"Herring, Nathan L.","Variable","","","",""
""
"SEAT","SID","SURNAME","PREFNAME","LEVEL","UNITS","CLASS","MAJOR","GRADE","STATUS","EMAIL"
""
"CID","TERM","SUBJ","CRSE","SEC","UNITS"
"67488","200610","ABC","113","5","1.000 - 5.000"
""
"INSTRUCTOR(S)","TYPE","DAYS","TIME","BUILD","ROOM"
"Bennett, Henry A.","Variable","","","",""
""
"SEAT","SID","SURNAME","PREFNAME","LEVEL","UNITS","CLASS","MAJOR","GRADE","STATUS","EMAIL"
""
"CID","TERM","SUBJ","CRSE","SEC","UNITS"
"71672","200610","ABC","113","6","1.000 - 5.000"
""
"INSTRUCTOR(S)","TYPE","DAYS","TIME","BUILD","ROOM"
"Olson, Jennifer D.","Variable","","","",""
""
"SEAT","SID","SURNAME","PREFNAME","LEVEL","UNITS","CLASS","MAJOR","GRADE","STATUS","EMAIL"
""
"CID","TERM","SUBJ","CRSE","SEC","UNITS"
"20363","200610","ABC","113","7","1.000 - 5.000"
""
"INSTRUCTOR(S)","TYPE","DAYS","TIME","BUILD","ROOM"
"Hayden, Ryan L.","Variable","","","",""
""
"SEAT","SID","SURNAME","PREFNAME","LEVEL","UNITS","CLASS","MAJOR","GRADE","STATUS","EMAIL"
""
"CID","TERM","SUBJ","CRSE","SEC","UNITS"
"20521","200610","ABC","113","8","1.000 - 5.000"
""
"INSTRUCTOR(S)","TYPE","DAYS","TIME","BUILD","ROOM"
"Battle, Gianna M.","Variable","","","",""
""
"SEAT","SID","SURNAME","PREFNAME","LEVEL","UNITS","CLASS","MAJOR","GRADE","STATUS","EMAIL"
""
"CID","TERM","SUBJ","CRSE","SEC","UNITS"
"59563","200610","ABC","113","9","1.000 - 5.000"
""
"INSTRUCTOR(S)","TYPE","DAYS","TIME","BUILD","ROOM"
"Cox, Jayden L.","Variable","","","",""
""
"SEAT","SID","SURNAME","PREFNAME","LEVEL","UNITS","CLASS","MAJOR","GRADE","STATUS","EMAIL"
""
"CID","TERM","SUBJ","CRSE","SEC","UNITS"
"59415","200610","ABC","113","10","1.000 - 5.000"
""
"INSTRUCTOR(S)","TYPE","DAYS","TIME","BUILD","ROOM"
"Johnson, Abigail N.","Variable","","","",""
""
"SEAT","SID","SURNAME","PREFNAME","LEVEL","UNITS","CLASS","MAJOR","GRADE","STATUS","EMAIL"
""
"CID","TERM","SUBJ","CRSE","SEC","UNITS"
"21103","200610","ABC","113","11","1.000 - 5.000"
""
"INSTRUCTOR(S)","TYPE","DAYS","TIME","BUILD","ROOM"
"Reese, Ryan X.","Variable","","","",""
""
"SEAT","SID","SURNAME","PREFNAME","LEVEL","UNITS","CLASS","MAJOR","GRADE","STATUS","EMAIL"
""
"CID","TERM","SUBJ","CRSE","SEC","UNITS"
"81826","200610","ABC","113","12","1.000 - 5.000"
""
"INSTRUCTOR(S)","TYPE","DAYS","TIME","BUILD","ROOM"
"Larsen, Ava S.","Variable","","","",""
""
"SEAT","SID","SURNAME","PREFNAME","LEVEL","UNITS","CLASS","MAJOR","GRADE","STATUS","EMAIL"
""
"CID","TERM","SUBJ","CRSE","SEC","UNITS"
"17140","200610","ABC","113","13","1.000 - 5.000"
""
"INSTRUCTOR(S)","TYPE","DAYS","TIME","BUILD","ROOM"
"Snyder, Samantha R.","Variable","","","",""
""
"SEAT","SID","SURNAME","PREFNAME","LEVEL","UNITS","CLASS","MAJOR","GRADE","STATUS","EMAIL"
""
"CID","TERM","SUBJ","CRSE","SEC","UNITS"
"26169","200610","ABC","113","14","1.000 - 5.000"
""
"INSTRUCTOR(S)","TYPE","DAYS","TIME","BUILD","ROOM"
"Williams, Juan L.","Variable","","","",""
""
"SEAT","SID","SURNAME","PREFNAME","LEVEL","UNITS","CLASS","MAJOR","GRADE","STATUS","EMAIL"
""
"CID","TERM","SUBJ","CRSE","SEC","UNITS"
"21299","200610","ABC","113","15","1.000 - 5.000"
""
"INSTRUCTOR(S)","TYPE","DAYS","TIME","BUILD","ROOM"
"Parker, Alejandro G.","Variable","","","",""
""
"SEAT","SID","SURNAME","PREFNAME","LEVEL","UNITS","CLASS","MAJOR","GRADE","STATUS","EMAIL"
""
"CID","TERM","SUBJ","CRSE","SEC","UNITS"
"38720","200610","ABC","113","16","1.000 - 5.000"
""
"INSTRUCTOR(S)","TYPE","DAYS","TIME","BUILD","ROOM"
"Cox, Ayden C.","Variable","","","",""
""
"SEAT","SID","SURNAME","PREFNAME","LEVEL","UNITS","CLASS","MAJOR","GRADE","STATUS","EMAIL"
""
"CID","TERM","SUBJ","CRSE","SEC","UNITS"
"32460","200610","ABC","113","17","1.000 - 5.000"
""
"INSTRUCTOR(S)","TYPE","DAYS","TIME","BUILD","ROOM"
"Rutledge, Ashley B.","Variable","","","",""
""
"SEAT","SID","SURNAME","PREFNAME","LEVEL","UNITS","CLASS","MAJOR","GRADE","STATUS","EMAIL"
""
"CID","TERM","SUBJ","CRSE","SEC","UNITS"
"86320","200610","ABC","113","18","1.000 - 5.000"
""
"INSTRUCTOR(S)","TYPE","DAYS","TIME","BUILD","ROOM"
"Cobb, Sophie A.","Variable","","","",""
""
"SEAT","SID","SURNAME","PREFNAME","LEVEL","UNITS","CLASS","MAJOR","GRADE","STATUS","EMAIL"
""
"CID","TERM","SUBJ","CRSE","SEC","UNITS"
"62988","200610","ABC","113","19","1.000 - 5.000"
""
"INSTRUCTOR(S)","TYPE","DAYS","TIME","BUILD","ROOM"
"Morris, Evan E.","Variable","","","",""
""
"SEAT","SID","SURNAME","PREFNAME","LEVEL","UNITS","CLASS","MAJOR","GRADE","STATUS","EMAIL"
""
"CID","TERM","SUBJ","CRSE","SEC","UNITS"
"17068","200610","ABC","113","20","1.000 - 5.000"
""
"INSTRUCTOR(S)","TYPE","DAYS","TIME","BUILD","ROOM"
"Green, Isabella M.","Variable","","","",""
""
"SEAT","SID","SURNAME","PREFNAME","LEVEL","UNITS","CLASS","MAJOR","GRADE","STATUS","EMAIL"
""
"CID","TERM","SUBJ","CRSE","SEC","UNITS"
"54708","200610","ABC","113","21","1.000 - 5.000"
""
"INSTRUCTOR(S)","TYPE","DAYS","TIME","BUILD","ROOM"
"Edwards, Maya N.","Variable","","","",""
""
"SEAT","SID","SURNAME","PREFNAME","LEVEL","UNITS","CLASS","MAJOR","GRADE","STATUS","EMAIL"
""
"CID","TERM","SUBJ","CRSE","SEC","UNITS"
"34402","200610","ABC","113","22","1.000 - 5.000"
""
"INSTRUCTOR(S)","TYPE","DAYS","TIME","BUILD","ROOM"
"Moore, Isabella M.","Variable","","","",""
""
"SEAT","SID","SURNAME","PREFNAME","LEVEL","UNITS","CLASS","MAJOR","GRADE","STATUS","EMAIL"
""
"CID","TERM","SUBJ","CRSE","SEC","UNITS"
"41940","200610","ABC","113","23","1.000 - 5.000"
""
"INSTRUCTOR(S)","TYPE","DAYS","TIME","BUILD","ROOM"
"Donaldson, Matthew C.","Variable","","","",""
""
"SEAT","SID","SURNAME","PREFNAME","LEVEL","UNITS","CLASS","MAJOR","GRADE","STATUS","EMAIL"
""
"CID","TERM","SUBJ","CRSE","SEC","UNITS"
"38929","200610","ABC","113","24","1.000 - 5.000"
""
"INSTRUCTOR(S)","TYPE","DAYS","TIME","BUILD","ROOM"
"Downs, Jesus C.","Variable","","","",""
""
"SEAT","SID","SURNAME","PREFNAME","LEVEL","UNITS","CLASS","MAJOR","GRADE","STATUS","EMAIL"
""
"CID","TERM","SUBJ","CRSE","SEC","UNITS"
"65588","200610","ABC","113","25","1.000 - 5.000"
""
"INSTRUCTOR(S)","TYPE","DAYS","TIME","BUILD","ROOM"
"Morales, Victoria E.","Variable","","","",""
""
"SEAT","SID","SURNAME","PREFNAME","LEVEL","UNITS","CLASS","MAJOR","GRADE","STATUS","EMAIL"
""
"CID","TERM","SUBJ","CRSE","SEC","UNITS"
"66416","200610","ABC","113","26","1.000 - 5.000"
""
"INSTRUCTOR(S)","TYPE","DAYS","TIME","BUILD","ROOM"
"Rogers, Emma J.","Variable","","","",""
""
"SEAT","SID","SURNAME","PREFNAME","LEVEL","UNITS","CLASS","MAJOR","GRADE","STATUS","EMAIL"
""
"CID","TERM","SUBJ","CRSE","SEC","UNITS"
"67242","200610","ABC","113","27","1.000 - 5.000"
""
"INSTRUCTOR(S)","TYPE","DAYS","TIME","BUILD","ROOM"
"Vinson, Dominic A.","Variable","","","",""
""
"SEAT","SID","SURNAME","PREFNAME","LEVEL","UNITS","CLASS","MAJOR","GRADE","STATUS","EMAIL"
""
"CID","TERM","SUBJ","CRSE","SEC","UNITS"
"54150","200610","ABC","113","28","1.000 - 5.000"
""
"INSTRUCTOR(S)","TYPE","DAYS","TIME","BUILD","ROOM"
"Reeves, Brayden L.","Variable","","","",""
""
"SEAT","SID","SURNAME","PREFNAME","LEVEL","UNITS","CLASS","MAJOR","GRADE","STATUS","EMAIL"
""
"CID","TERM","SUBJ","CRSE","SEC","UNITS"
"92555","200610","ABC","113","29","1.000 - 5.000"
""
"INSTRUCTOR(S)","TYPE","DAYS","TIME","BUILD","ROOM"
"Fisher, Caleb K.","Variable","","","",""
""
"SEAT","SID","SURNAME","PREFNAME","LEVEL","UNITS","CLASS","MAJOR","GRADE","STATUS","EMAIL"
""
"CID","TERM","SUBJ","CRSE","SEC","UNITS"
"16460","200610","ABC","113","30","1.000 - 5.000"
""
"INSTRUCTOR(S)","TYPE","DAYS","TIME","BUILD","ROOM"
"Davis, Xavier M.","Variable","","","",""
""
"SEAT","SID","SURNAME","PREFNAME","LEVEL","UNITS","CLASS","MAJOR","GRADE","STATUS","EMAIL"
""
"CID","TERM","SUBJ","CRSE","SEC","UNITS"
"51077","200610","ABC","113","31","1.000 - 5.000"
""
"INSTRUCTOR(S)","TYPE","DAYS","TIME","BUILD","ROOM"
"Miller, Liam M.","Variable","","","",""
""
"SEAT","SID","SURNAME","PREFNAME","LEVEL","UNITS","CLASS","MAJOR","GRADE","STATUS","EMAIL"
""
"CID","TERM","SUBJ","CRSE","SEC","UNITS"
"18685","200610","ABC","113","32","1.000 - 5.000"
""
"INSTRUCTOR(S)","TYPE","DAYS","TIME","BUILD","ROOM"
"White, Jose E.","Variable","","","",""
""
"SEAT","SID","SURNAME","PREFNAME","LEVEL","UNITS","CLASS","MAJOR","GRADE","STATUS","EMAIL"
""
"CID","TERM","SUBJ","CRSE","SEC","UNITS"
"83842","200610","ABC","113","33","1.000 - 5.000"
""
"INSTRUCTOR(S)","TYPE","DAYS","TIME","BUILD","ROOM"
"Carpenter, Grace S.","Variable","","","",""
""
"SEAT","SID","SURNAME","PREFNAME","LEVEL","UNITS","CLASS","MAJOR","GRADE","STATUS","EMAIL"
""
"CID","TERM","SUBJ","CRSE","SEC","UNITS"
"85847","200610","ABC","113","34","1.000 - 5.000"
""
"INSTRUCTOR(S)","TYPE","DAYS","TIME","BUILD","ROOM"
"Diaz, Michelle H.","Variable","","","",""
""
"SEAT","SID","SURNAME","PREFNAME","LEVEL","UNITS","CLASS","MAJOR","GRADE","STATUS","EMAIL"
""
"CID","TERM","SUBJ","CRSE","SEC","UNITS"
"60597","200610","ABC","113","35","1.000 - 5.000"
""
"INSTRUCTOR(S)","TYPE","DAYS","TIME","BUILD","ROOM"
"Parsons, Mia E.","Variable","","","",""
""
"SEAT","SID","SURNAME","PREFNAME","LEVEL","UNITS","CLASS","MAJOR","GRADE","STATUS","EMAIL"
""
"CID","TERM","SUBJ","CRSE","SEC","UNITS"
"82090","200610","ABC","113","36","1.000 - 5.000"
""
"INSTRUCTOR(S)","TYPE","DAYS","TIME","BUILD","ROOM"
"Carpenter, Samantha J.","Variable","","","",""
""
"SEAT","SID","SURNAME","PREFNAME","LEVEL","UNITS","CLASS","MAJOR","GRADE","STATUS","EMAIL"
""
"CID","TERM","SUBJ","CRSE","SEC","UNITS"
"57156","200610","ABC","113","37","1.000 - 5.000"
""
"INSTRUCTOR(S)","TYPE","DAYS","TIME","BUILD","ROOM"
"Hill, Melody B.","Variable","","","",""
""
"SEAT","SID","SURNAME","PREFNAME","LEVEL","UNITS","CLASS","MAJOR","GRADE","STATUS","EMAIL"
""
"CID","TERM","SUBJ","CRSE","SEC","UNITS"
"69753","200610","ABC","113","38","1.000 - 5.000"
""
"INSTRUCTOR(S)","TYPE","DAYS","TIME","BUILD","ROOM"
"","Variable","","","",""
""
"SEAT","SID","SURNAME","PREFNAME","LEVEL","UNITS","CLASS","MAJOR","GRADE","STATUS","EMAIL"
""
"CID","TERM","SUBJ","CRSE","SEC","UNITS"
"39142","200610","ABC","113","39","1.000 - 5.000"
""
"INSTRUCTOR(S)","TYPE","DAYS","TIME","BUILD","ROOM"
"","Variable","","","",""
""
"SEAT","SID","SURNAME","PREFNAME","LEVEL","UNITS","CLASS","MAJOR","GRADE","STATUS","EMAIL"
""
"CID","TERM","SUBJ","CRSE","SEC","UNITS"
"49025","200610","ABC","113","40","1.000 - 5.000"
""
"INSTRUCTOR(S)","TYPE","DAYS","TIME","BUILD","ROOM"
"","Variable","","","",""
""
"SEAT","SID","SURNAME","PREFNAME","LEVEL","UNITS","CLASS","MAJOR","GRADE","STATUS","EMAIL"
""
"CID","TERM","SUBJ","CRSE","SEC","UNITS"
"72370","200610","ABC","113","41","1.000 - 5.000"
""
"INSTRUCTOR(S)","TYPE","DAYS","TIME","BUILD","ROOM"
"","Variable","","","",""
""
"SEAT","SID","SURNAME","PREFNAME","LEVEL","UNITS","CLASS","MAJOR","GRADE","STATUS","EMAIL"
""
"CID","TERM","SUBJ","CRSE","SEC","UNITS"
"35315","200610","ABC","113","42","1.000 - 5.000"
""
"INSTRUCTOR(S)","TYPE","DAYS","TIME","BUILD","ROOM"
"Witt, Noah A.","Variable","","","",""
""
"SEAT","SID","SURNAME","PREFNAME","LEVEL","UNITS","CLASS","MAJOR","GRADE","STATUS","EMAIL"
""
"CID","TERM","SUBJ","CRSE","SEC","UNITS"
"44430","200610","ABC","114","0","1.000 - 5.000"
""
"INSTRUCTOR(S)","TYPE","DAYS","TIME","BUILD","ROOM"
"","Variable","","","",""
""
"SEAT","SID","SURNAME","PREFNAME","LEVEL","UNITS","CLASS","MAJOR","GRADE","STATUS","EMAIL"
""
"CID","TERM","SUBJ","CRSE","SEC","UNITS"
"40159","200610","ABC","114","1","1.000 - 5.000"
""
"INSTRUCTOR(S)","TYPE","DAYS","TIME","BUILD","ROOM"
"","Variable","","","",""
""
"SEAT","SID","SURNAME","PREFNAME","LEVEL","UNITS","CLASS","MAJOR","GRADE","STATUS","EMAIL"
""
"CID","TERM","SUBJ","CRSE","SEC","UNITS"
"24064","200610","ABC","114","2","1.000 - 5.000"
""
"INSTRUCTOR(S)","TYPE","DAYS","TIME","BUILD","ROOM"
"Perry, Katherine V.","Variable","","","",""
""
"SEAT","SID","SURNAME","PREFNAME","LEVEL","UNITS","CLASS","MAJOR","GRADE","STATUS","EMAIL"
""
"CID","TERM","SUBJ","CRSE","SEC","UNITS"
"98387","200610","ABC","114","3","1.000 - 5.000"
""
"INSTRUCTOR(S)","TYPE","DAYS","TIME","BUILD","ROOM"
"Sullivan, Jordan H.","Variable","","","",""
""
"SEAT","SID","SURNAME","PREFNAME","LEVEL","UNITS","CLASS","MAJOR","GRADE","STATUS","EMAIL"
""
"CID","TERM","SUBJ","CRSE","SEC","UNITS"
"52569","200610","ABC","114","4","1.000 - 5.000"
""
"INSTRUCTOR(S)","TYPE","DAYS","TIME","BUILD","ROOM"
"Herring, Nathan L.","Variable","","","",""
""
"SEAT","SID","SURNAME","PREFNAME","LEVEL","UNITS","CLASS","MAJOR","GRADE","STATUS","EMAIL"
""
"CID","TERM","SUBJ","CRSE","SEC","UNITS"
"83731","200610","ABC","114","5","1.000 - 5.000"
""
"INSTRUCTOR(S)","TYPE","DAYS","TIME","BUILD","ROOM"
"Bennett, Henry A.","Variable","","","",""
""
"SEAT","SID","SURNAME","PREFNAME","LEVEL","UNITS","CLASS","MAJOR","GRADE","STATUS","EMAIL"
""
"CID","TERM","SUBJ","CRSE","SEC","UNITS"
"35280","200610","ABC","114","6","1.000 - 5.000"
""
"INSTRUCTOR(S)","TYPE","DAYS","TIME","BUILD","ROOM"
"Olson, Jennifer D.","Variable","","","",""
""
"SEAT","SID","SURNAME","PREFNAME","LEVEL","UNITS","CLASS","MAJOR","GRADE","STATUS","EMAIL"
""
"CID","TERM","SUBJ","CRSE","SEC","UNITS"
"76078","200610","ABC","114","7","1.000 - 5.000"
""
"INSTRUCTOR(S)","TYPE","DAYS","TIME","BUILD","ROOM"
"Hayden, Ryan L.","Variable","","","",""
""
"SEAT","SID","SURNAME","PREFNAME","LEVEL","UNITS","CLASS","MAJOR","GRADE","STATUS","EMAIL"
""
"CID","TERM","SUBJ","CRSE","SEC","UNITS"
"94465","200610","ABC","114","8","1.000 - 5.000"
""
"INSTRUCTOR(S)","TYPE","DAYS","TIME","BUILD","ROOM"
"Battle, Gianna M.","Variable","","","",""
""
"SEAT","SID","SURNAME","PREFNAME","LEVEL","UNITS","CLASS","MAJOR","GRADE","STATUS","EMAIL"
""
"CID","TERM","SUBJ","CRSE","SEC","UNITS"
"33323","200610","ABC","114","9","1.000 - 5.000"
""
"INSTRUCTOR(S)","TYPE","DAYS","TIME","BUILD","ROOM"
"Cox, Jayden L.","Variable","","","",""
""
"SEAT","SID","SURNAME","PREFNAME","LEVEL","UNITS","CLASS","MAJOR","GRADE","STATUS","EMAIL"
""
"CID","TERM","SUBJ","CRSE","SEC","UNITS"
"78970","200610","ABC","114","10","1.000 - 5.000"
""
"INSTRUCTOR(S)","TYPE","DAYS","TIME","BUILD","ROOM"
"Johnson, Abigail N.","Variable","","","",""
""
"SEAT","SID","SURNAME","PREFNAME","LEVEL","UNITS","CLASS","MAJOR","GRADE","STATUS","EMAIL"
""
"CID","TERM","SUBJ","CRSE","SEC","UNITS"
"88299","200610","ABC","114","11","1.000 - 5.000"
""
"INSTRUCTOR(S)","TYPE","DAYS","TIME","BUILD","ROOM"
"Reese, Ryan X.","Variable","","","",""
""
"SEAT","SID","SURNAME","PREFNAME","LEVEL","UNITS","CLASS","MAJOR","GRADE","STATUS","EMAIL"
""
"CID","TERM","SUBJ","CRSE","SEC","UNITS"
"90785","200610","ABC","114","12","1.000 - 5.000"
""
"INSTRUCTOR(S)","TYPE","DAYS","TIME","BUILD","ROOM"
"Larsen, Ava S.","Variable","","","",""
""
"SEAT","SID","SURNAME","PREFNAME","LEVEL","UNITS","CLASS","MAJOR","GRADE","STATUS","EMAIL"
""
"CID","TERM","SUBJ","CRSE","SEC","UNITS"
"25281","200610","ABC","114","13","1.000 - 5.000"
""
"INSTRUCTOR(S)","TYPE","DAYS","TIME","BUILD","ROOM"
"Snyder, Samantha R.","Variable","","","",""
""
"SEAT","SID","SURNAME","PREFNAME","LEVEL","UNITS","CLASS","MAJOR","GRADE","STATUS","EMAIL"
""
"CID","TERM","SUBJ","CRSE","SEC","UNITS"
"57482","200610","ABC","114","14","1.000 - 5.000"
""
"INSTRUCTOR(S)","TYPE","DAYS","TIME","BUILD","ROOM"
"Williams, Juan L.","Variable","","","",""
""
"SEAT","SID","SURNAME","PREFNAME","LEVEL","UNITS","CLASS","MAJOR","GRADE","STATUS","EMAIL"
""
"CID","TERM","SUBJ","CRSE","SEC","UNITS"
"95365","200610","ABC","114","15","1.000 - 5.000"
""
"INSTRUCTOR(S)","TYPE","DAYS","TIME","BUILD","ROOM"
"Parker, Alejandro G.","Variable","","","",""
""
"SEAT","SID","SURNAME","PREFNAME","LEVEL","UNITS","CLASS","MAJOR","GRADE","STATUS","EMAIL"
""
"CID","TERM","SUBJ","CRSE","SEC","UNITS"
"92578","200610","ABC","114","16","1.000 - 5.000"
""
"INSTRUCTOR(S)","TYPE","DAYS","TIME","BUILD","ROOM"
"Cox, Ayden C.","Variable","","","",""
""
"SEAT","SID","SURNAME","PREFNAME","LEVEL","UNITS","CLASS","MAJOR","GRADE","STATUS","EMAIL"
""
"CID","TERM","SUBJ","CRSE","SEC","UNITS"
"20256","200610","ABC","114","17","1.000 - 5.000"
""
"INSTRUCTOR(S)","TYPE","DAYS","TIME","BUILD","ROOM"
"Rutledge, Ashley B.","Variable","","","",""
""
"SEAT","SID","SURNAME","PREFNAME","LEVEL","UNITS","CLASS","MAJOR","GRADE","STATUS","EMAIL"
""
"CID","TERM","SUBJ","CRSE","SEC","UNITS"
"59040","200610","ABC","114","18","1.000 - 5.000"
""
"INSTRUCTOR(S)","TYPE","DAYS","TIME","BUILD","ROOM"
"Cobb, Sophie A.","Variable","","","",""
""
"SEAT","SID","SURNAME","PREFNAME","LEVEL","UNITS","CLASS","MAJOR","GRADE","STATUS","EMAIL"
""
"CID","TERM","SUBJ","CRSE","SEC","UNITS"
"11525","200610","ABC","114","19","1.000 - 5.000"
""
"INSTRUCTOR(S)","TYPE","DAYS","TIME","BUILD","ROOM"
"Morris, Evan E.","Variable","","","",""
""
"SEAT","SID","SURNAME","PREFNAME","LEVEL","UNITS","CLASS","MAJOR","GRADE","STATUS","EMAIL"
""
"CID","TERM","SUBJ","CRSE","SEC","UNITS"
"51130","200610","ABC","114","20","1.000 - 5.000"
""
"INSTRUCTOR(S)","TYPE","DAYS","TIME","BUILD","ROOM"
"Green, Isabella M.","Variable","","","",""
""
"SEAT","SID","SURNAME","PREFNAME","LEVEL","UNITS","CLASS","MAJOR","GRADE","STATUS","EMAIL"
""
"CID","TERM","SUBJ","CRSE","SEC","UNITS"
"61451","200610","ABC","114","21","1.000 - 5.000"
""
"INSTRUCTOR(S)","TYPE","DAYS","TIME","BUILD","ROOM"
"Edwards, Maya N.","Variable","","","",""
""
"SEAT","SID","SURNAME","PREFNAME","LEVEL","UNITS","CLASS","MAJOR","GRADE","STATUS","EMAIL"
""
"CID","TERM","SUBJ","CRSE","SEC","UNITS"
"67786","200610","ABC","114","22","1.000 - 5.000"
""
"INSTRUCTOR(S)","TYPE","DAYS","TIME","BUILD","ROOM"
"Moore, Isabella M.","Variable","","","",""
""
"SEAT","SID","SURNAME","PREFNAME","LEVEL","UNITS","CLASS","MAJOR","GRADE","STATUS","EMAIL"
""
"CID","TERM","SUBJ","CRSE","SEC","UNITS"
"76312","200610","ABC","114","23","1.000 - 5.000"
""
"INSTRUCTOR(S)","TYPE","DAYS","TIME","BUILD","ROOM"
"Donaldson, Matthew C.","Variable","","","",""
""
"SEAT","SID","SURNAME","PREFNAME","LEVEL","UNITS","CLASS","MAJOR","GRADE","STATUS","EMAIL"
""
"CID","TERM","SUBJ","CRSE","SEC","UNITS"
"18538","200610","ABC","114","24","1.000 - 5.000"
""
"INSTRUCTOR(S)","TYPE","DAYS","TIME","BUILD","ROOM"
"Downs, Jesus C.","Variable","","","",""
""
"SEAT","SID","SURNAME","PREFNAME","LEVEL","UNITS","CLASS","MAJOR","GRADE","STATUS","EMAIL"
""
"CID","TERM","SUBJ","CRSE","SEC","UNITS"
"96492","200610","ABC","114","25","1.000 - 5.000"
""
"INSTRUCTOR(S)","TYPE","DAYS","TIME","BUILD","ROOM"
"Morales, Victoria E.","Variable","","","",""
""
"SEAT","SID","SURNAME","PREFNAME","LEVEL","UNITS","CLASS","MAJOR","GRADE","STATUS","EMAIL"
""
"CID","TERM","SUBJ","CRSE","SEC","UNITS"
"79180","200610","ABC","114","26","1.000 - 5.000"
""
"INSTRUCTOR(S)","TYPE","DAYS","TIME","BUILD","ROOM"
"Rogers, Emma J.","Variable","","","",""
""
"SEAT","SID","SURNAME","PREFNAME","LEVEL","UNITS","CLASS","MAJOR","GRADE","STATUS","EMAIL"
""
"CID","TERM","SUBJ","CRSE","SEC","UNITS"
"44116","200610","ABC","114","27","1.000 - 5.000"
""
"INSTRUCTOR(S)","TYPE","DAYS","TIME","BUILD","ROOM"
"Vinson, Dominic A.","Variable","","","",""
""
"SEAT","SID","SURNAME","PREFNAME","LEVEL","UNITS","CLASS","MAJOR","GRADE","STATUS","EMAIL"
""
"CID","TERM","SUBJ","CRSE","SEC","UNITS"
"37446","200610","ABC","114","28","1.000 - 5.000"
""
"INSTRUCTOR(S)","TYPE","DAYS","TIME","BUILD","ROOM"
"Reeves, Brayden L.","Variable","","","",""
""
"SEAT","SID","SURNAME","PREFNAME","LEVEL","UNITS","CLASS","MAJOR","GRADE","STATUS","EMAIL"
""
"CID","TERM","SUBJ","CRSE","SEC","UNITS"
"69241","200610","ABC","114","29","1.000 - 5.000"
""
"INSTRUCTOR(S)","TYPE","DAYS","TIME","BUILD","ROOM"
"Fisher, Caleb K.","Variable","","","",""
""
"SEAT","SID","SURNAME","PREFNAME","LEVEL","UNITS","CLASS","MAJOR","GRADE","STATUS","EMAIL"
""
"CID","TERM","SUBJ","CRSE","SEC","UNITS"
"45064","200610","ABC","114","30","1.000 - 5.000"
""
"INSTRUCTOR(S)","TYPE","DAYS","TIME","BUILD","ROOM"
"Davis, Xavier M.","Variable","","","",""
""
"SEAT","SID","SURNAME","PREFNAME","LEVEL","UNITS","CLASS","MAJOR","GRADE","STATUS","EMAIL"
""
"CID","TERM","SUBJ","CRSE","SEC","UNITS"
"24802","200610","ABC","114","31","1.000 - 5.000"
""
"INSTRUCTOR(S)","TYPE","DAYS","TIME","BUILD","ROOM"
"Miller, Liam M.","Variable","","","",""
""
"SEAT","SID","SURNAME","PREFNAME","LEVEL","UNITS","CLASS","MAJOR","GRADE","STATUS","EMAIL"
""
"CID","TERM","SUBJ","CRSE","SEC","UNITS"
"29928","200610","ABC","114","32","1.000 - 5.000"
""
"INSTRUCTOR(S)","TYPE","DAYS","TIME","BUILD","ROOM"
"White, Jose E.","Variable","","","",""
""
"SEAT","SID","SURNAME","PREFNAME","LEVEL","UNITS","CLASS","MAJOR","GRADE","STATUS","EMAIL"
""
"CID","TERM","SUBJ","CRSE","SEC","UNITS"
"69231","200610","ABC","114","33","1.000 - 5.000"
""
"INSTRUCTOR(S)","TYPE","DAYS","TIME","BUILD","ROOM"
"Carpenter, Grace S.","Variable","","","",""
""
"SEAT","SID","SURNAME","PREFNAME","LEVEL","UNITS","CLASS","MAJOR","GRADE","STATUS","EMAIL"
""
"CID","TERM","SUBJ","CRSE","SEC","UNITS"
"79283","200610","ABC","114","34","1.000 - 5.000"
""
"INSTRUCTOR(S)","TYPE","DAYS","TIME","BUILD","ROOM"
"Diaz, Michelle H.","Variable","","","",""
""
"SEAT","SID","SURNAME","PREFNAME","LEVEL","UNITS","CLASS","MAJOR","GRADE","STATUS","EMAIL"
""
"CID","TERM","SUBJ","CRSE","SEC","UNITS"
"42315","200610","ABC","114","35","1.000 - 5.000"
""
"INSTRUCTOR(S)","TYPE","DAYS","TIME","BUILD","ROOM"
"Parsons, Mia E.","Variable","","","",""
""
"SEAT","SID","SURNAME","PREFNAME","LEVEL","UNITS","CLASS","MAJOR","GRADE","STATUS","EMAIL"
""
"CID","TERM","SUBJ","CRSE","SEC","UNITS"
"54512","200610","ABC","114","36","1.000 - 5.000"
""
"INSTRUCTOR(S)","TYPE","DAYS","TIME","BUILD","ROOM"
"Carpenter, Samantha J.","Variable","","","",""
""
"SEAT","SID","SURNAME","PREFNAME","LEVEL","UNITS","CLASS","MAJOR","GRADE","STATUS","EMAIL"
""
"CID","TERM","SUBJ","CRSE","SEC","UNITS"
"51167","200610","ABC","114","37","1.000 - 5.000"
""
"INSTRUCTOR(S)","TYPE","DAYS","TIME","BUILD","ROOM"
"Hill, Melody B.","Variable","","","",""
""
"SEAT","SID","SURNAME","PREFNAME","LEVEL","UNITS","CLASS","MAJOR","GRADE","STATUS","EMAIL"
""
"CID","TERM","SUBJ","CRSE","SEC","UNITS"
"23046","200610","ABC","114","38","1.000 - 5.000"
""
"INSTRUCTOR(S)","TYPE","DAYS","TIME","BUILD","ROOM"
"","Variable","","","",""
""
"SEAT","SID","SURNAME","PREFNAME","LEVEL","UNITS","CLASS","MAJOR","GRADE","STATUS","EMAIL"
""
"CID","TERM","SUBJ","CRSE","SEC","UNITS"
"94524","200610","ABC","114","39","1.000 - 5.000"
""
"INSTRUCTOR(S)","TYPE","DAYS","TIME","BUILD","ROOM"
"","Variable","","","",""
""
"SEAT","SID","SURNAME","PREFNAME","LEVEL","UNITS","CLASS","MAJOR","GRADE","STATUS","EMAIL"
""
"CID","TERM","SUBJ","CRSE","SEC","UNITS"
"84385","200610","ABC","114","40","1.000 - 5.000"
""
"INSTRUCTOR(S)","TYPE","DAYS","TIME","BUILD","ROOM"
"","Variable","","","",""
""
"SEAT","SID","SURNAME","PREFNAME","LEVEL","UNITS","CLASS","MAJOR","GRADE","STATUS","EMAIL"
""
"CID","TERM","SUBJ","CRSE","SEC","UNITS"
"87675","200610","ABC","114","41","1.000 - 5.000"
""
"INSTRUCTOR(S)","TYPE","DAYS","TIME","BUILD","ROOM"
"","Variable","","","",""
""
"SEAT","SID","SURNAME","PREFNAME","LEVEL","UNITS","CLASS","MAJOR","GRADE","STATUS","EMAIL"
""
"CID","TERM","SUBJ","CRSE","SEC","UNITS"
"23254","200610","ABC","114","42","1.000 - 5.000"
""
"INSTRUCTOR(S)","TYPE","DAYS","TIME","BUILD","ROOM"
"Witt, Noah A.","Variable","","","",""
""
"SEAT","SID","SURNAME","PREFNAME","LEVEL","UNITS","CLASS","MAJOR","GRADE","STATUS","EMAIL"
""
"CID","TERM","SUBJ","CRSE","SEC","UNITS"
"33691","200610","ABC","201","1","4"
""
"INSTRUCTOR(S)","TYPE","DAYS","TIME","BUILD","ROOM"
"Moore, Isabella M.","Lecture","TR","12:10 PM - 1:30 PM","MB5","1328"
"","Discussion","T","4:10 PM - 5:00 PM","LH5","40"
""
"SEAT","SID","SURNAME","PREFNAME","LEVEL","UNITS","CLASS","MAJOR","GRADE","STATUS","EMAIL"
"1","288306093","Summers","Aiden","UG","4","SR","ABC1","A-","RE","aiden.s.summers@fakeu.edu"
"2","102639935","George","William","UG","4","JR","ABC2","B","RE","william.c.george@fakeu.edu"
"3","402006812","Griffith","Kevin","UG","4","JR","ABC2","B+","RE","kevin.r.griffith@fakeu.edu"
"4","432817105","Douglas","Jesse","UG","4","SR","ABC2","B-","RE","jesse.a.douglas@fakeu.edu"
"5","947281961","Anderson","Jordan","UG","4","SR","O160","C+","RE","jordan.d.anderson@fakeu.edu"
"6","649452596","Morgan","Tyler","UG","4","SR","ABC1","B","RE","tyler.e.morgan@fakeu.edu"
"7","846855162","Livingston","Julian","UG","4","SR","ABC1","A","RE","julian.b.livingston@fakeu.edu"
"8","514123663","Collins","Dylan","UG","4","SR","OT35","B","RE","dylan.j.collins@fakeu.edu"
"9","338936982","Smith","Natalia","UG","4","SR","ABC1","B","RE","natalia.b.smith@fakeu.edu"
"10","725711728","Blake","Ximena","UG","4","SR","ABC2","B+","RE","ximena.a.blake@fakeu.edu"
"11","705850247","Brown","Logan","UG","4","SR","ABC1","B","RE","logan.h.brown@fakeu.edu"
"12","721192944","Frazier","Daniel","UG","4","SR","ABC2","B-","RE","daniel.e.frazier@fakeu.edu"
"13","341409282","Mann","Julia","UG","4","SR","ABC2","A","RE","julia.k.mann@fakeu.edu"
"14","990453213","Taylor","Jacob","UG","4","SR","ABC1","A-","RE","jacob.a.taylor2@fakeu.edu"
"15","589166396","Boone","Nathaniel","UG","4","SR","ABC1","B","RE","nathaniel.d.boone@fakeu.edu"
"16","381041008","Howard","Alexander","UG","4","SR","ABC1","B","RE","alexander.d.howard@fakeu.edu"
"17","754042150","James","Emma","UG","4","SR","ABC1","B","RE","emma.l.james@fakeu.edu"
"18","494952517","Rodriguez","Ivan","UG","4","SR","OT42","A","RE","ivan.l.rodriguez@fakeu.edu"
"19","614776408","Cole","Chloe","UG","4","SR","ABC1","B","RE","chloe.j.cole@fakeu.edu"
"20","318912144","Anderson","Benjamin","UG","4","JR","ABC1","A","RE","benjamin.i.anderson@fakeu.edu"
"21","141355066","Sanchez","Eva","UG","4","SR","ABC1","B","RE","eva.k.sanchez@fakeu.edu"
"22","121940241","Perez","Abigail","UG","4","SR","ABC1","B+","RE","abigail.e.perez@fakeu.edu"
"23","111714416","Evans","Lucas","UG","4","SR","ABC1","B+","RE","lucas.e.evans@fakeu.edu"
"24","897004809","Wagner","Ariana","UG","4","SR","OT44","C","RE","ariana.s.wagner@fakeu.edu"
"25","103973124","Jackson","Connor","UG","4","SR","ABC1","A","RE","connor.j.jackson@fakeu.edu"
"26","311604912","Gray","Aubrey","UG","4","JR","OT42","B","RE","aubrey.a.gray@fakeu.edu"
"27","897448777","Anderson","Ava","UG","4","SR","OT35","A-","RE","ava.m.anderson@fakeu.edu"
"28","888652781","Simmons","Jacob","UG","4","SR","ABC2","B+","RE","jacob.e.simmons@fakeu.edu"
"29","138999138","Johns","Daniel","UG","4","SR","ABC1","C+","RE","daniel.n.johns@fakeu.edu"
"30","742478604","Lopez","Sofia","UG","4","JR","ABC1","B","RE","sofia.m.lopez@fakeu.edu"
"31","457815764","Warren","Joshua","UG","4","SR","ABC1","A","RE","joshua.s.warren@fakeu.edu"
"32","738382995","Atkinson","Dylan","UG","4","JR","ABC1","D","RE","dylan.c.atkinson@fakeu.edu"
"33","367383895","Wright","Anthony","UG","4","SR","OT35","B+","RE","anthony.n.wright@fakeu.edu"
"34","145837297","Smith","Benjamin","UG","4","SR","ABC1","B","RE","benjamin.c.smith1@fakeu.edu"
"35","247337635","Davis","Jason","UG","4","JR","ABC2","A","RE","jason.s.davis@fakeu.edu"
"36","183445150","Robinson","Jocelyn","UG","4","SO","ABC1","A","RE","jocelyn.v.robinson@fakeu.edu"
"37","710071441","Davis","Jordan","UG","4","SR","ABC1","B-","RE","jordan.d.davis@fakeu.edu"
"38","800337781","Young","Joshua","GR","4","D1","ABCG","A","RE","joshua.s.young@fakeu.edu"
"39","869959242","Nelson","Damian","UG","4","JR","ABC1","B-","RE","damian.l.nelson@fakeu.edu"
"40","686064297","Jarvis","Thomas","GR","4","GM","DEFG","A","RE","thomas.n.jarvis@fakeu.edu"
"41","833936714","Munoz","Daniel","UG","4","JR","ABC2","B","RE","daniel.e.munoz@fakeu.edu"
"42","903137631","Kidd","Emily","U2","4","U2","ABC2","A","RE","emily.v.kidd@fakeu.edu"
"43","942692753","Alvarado","Liliana","UG","4","SR","ABC1","B+","RE","liliana.a.alvarado@fakeu.edu"
"44","308822838","Edwards","Oliver","UG","4","JR","ABC1","C+","RE","oliver.g.edwards@fakeu.edu"
"45","781474790","Bryan","Kylie","UG","4","JR","ABC1","B+","RE","kylie.j.bryan@fakeu.edu"
"46","891520376","Andrews","Noah","UG","4","JR","ABC1","B","RE","noah.u.andrews@fakeu.edu"
"47","530934390","Morris","Jason","UG","4","JR","ABC1","B","RE","jason.k.morris@fakeu.edu"
"48","571462797","Potter","Gabriella","UG","4","SR","DEF2","B","RE","gabriella.v.potter@fakeu.edu"
"49","482166332","Harris","Sophia","UG","4","JR","ABC1","C-","RE","sophia.d.harris@fakeu.edu"
"50","701245362","Long","Emma","UG","4","SO","ABC1","B","RE","emma.j.long@fakeu.edu"
"51","220021020","Schultz","Ethan","UG","4","JR","OT35","A","RE","ethan.m.schultz@fakeu.edu"
"52","478555178","Bennett","Michael","GR","4","D1","ABCG","A-","RE","michael.n.bennett@fakeu.edu"
"53","484127934","Hamilton","Elias","UL","4","UL","ABC1","A-","RE","elias.j.hamilton@fakeu.edu"
"54","195599336","Melton","Xavier","GR","4","D1","ABCG","A-","RE","xavier.c.melton@fakeu.edu"
"55","466112058","Riddle","Isaiah","UG","4","JR","ABC2","A-","RE","isaiah.j.riddle@fakeu.edu"
"56","392452508","Russell","Daisy","GR","4","D1","ABCG","A","RE","daisy.s.russell@fakeu.edu"
"57","230520453","Gilbert","Justin","UG","4","SR","ABC1","B","RE","justin.b.gilbert@fakeu.edu"
"58","900465669","Price","Ashley","UG","4","JR","O240","A","RE","ashley.s.price@fakeu.edu"
"59","381436192","Ramirez","Zachary","GR","4","D1","ABCG","B","RE","zachary.n.ramirez@fakeu.edu"
""
"CID","TERM","SUBJ","CRSE","SEC","UNITS"
"26528","200610","ABC","202","1","4"
""
"INSTRUCTOR(S)","TYPE","DAYS","TIME","BUILD","ROOM"
"Bennett, Henry A.","Lecture","MWF","2:10 PM - 3:00 PM","MB2","1004"
"","Discussion","M","3:10 PM - 4:00 PM","MB2","1004"
""
"SEAT","SID","SURNAME","PREFNAME","LEVEL","UNITS","CLASS","MAJOR","GRADE","STATUS","EMAIL"
"1","842791986","Weaver","Nevaeh","UG","4","SR","DEF2","C-","RE","nevaeh.k.weaver@fakeu.edu"
"2","585013009","Johnson","Elijah","UG","4","SR","OT40","D","RE","elijah.n.johnson@fakeu.edu"
"3","338936982","Smith","Natalia","UG","4","SR","ABC1","C","RE","natalia.b.smith@fakeu.edu"
"4","496041413","Haney","Jacob","UG","4","SR","ABC1","B","RE","jacob.l.haney@fakeu.edu"
"5","341409282","Mann","Julia","UG","4","SR","ABC2","A","RE","julia.k.mann@fakeu.edu"
"6","990261481","Morgan","Valeria","UG","4","SR","ABC2","B-","RE","valeria.s.morgan@fakeu.edu"
"7","582253442","Lindsay","Leonardo","UG","4","SR","ABC2","C","RE","leonardo.j.lindsay@fakeu.edu"
"8","955137589","Lawson","Stephanie","UG","4","SR","ABC2","C","RE","stephanie.s.lawson@fakeu.edu"
"9","887248914","Carver","Jeremiah","UG","4","SR","ABC2","A-","RE","jeremiah.x.carver@fakeu.edu"
"10","998433345","Calhoun","Giovanni","UG","4","SR","ABC1","F","RE","giovanni.a.calhoun@fakeu.edu"
"11","360793205","Buckley","Leah","UG","4","SR","DEF2","A+","RE","leah.a.buckley@fakeu.edu"
"12","853333018","Ortiz","Thomas","UG","4","SR","ABC2","C","RE","thomas.j.ortiz@fakeu.edu"
"13","217684121","Davis","Angelina","UG","4","SR","ABC1","C-","RE","angelina.a.davis@fakeu.edu"
"14","494172016","Carey","Aiden","UG","4","JR","ABC1","B-","RE","aiden.k.carey@fakeu.edu"
"15","722572515","Simpson","Adam","UG","4","SR","ABC1","A","RE","adam.c.simpson@fakeu.edu"
"16","311604912","Gray","Aubrey","UG","4","JR","OT42","B","RE","aubrey.a.gray@fakeu.edu"
"17","416391931","Stephenson","Isabella","UG","4","JR","OT67","C","RE","isabella.l.stephenson@fakeu.edu"
"18","537795699","Lopez","Eli","UG","4","JR","ABC1","B","RE","eli.m.lopez@fakeu.edu"
"19","299062010","Howard","Maria","UG","4","SR","ABC1","A","RE","maria.g.howard@fakeu.edu"
"20","506737082","Sheppard","Xavier","UG","4","JR","ABC1","A","RE","xavier.i.sheppard@fakeu.edu"
"21","456515078","King","Mateo","UG","4","JR","ABC1","B","RE","mateo.a.king2@fakeu.edu"
"22","876325880","Kane","Abigail","UG","4","JR","ABC1","C+","RE","abigail.a.kane@fakeu.edu"
"23","738382995","Atkinson","Dylan","UG","4","JR","ABC1","F","RE","dylan.c.atkinson@fakeu.edu"
"24","367383895","Wright","Anthony","UG","4","SR","OT35","A","RE","anthony.n.wright@fakeu.edu"
"25","319520853","Powell","Mila","UG","4","JR","ABC2","C","RE","mila.i.powell@fakeu.edu"
"26","821868425","Anderson","Hunter","UG","4","SR","ABC1","A","RE","hunter.i.anderson@fakeu.edu"
"27","232848740","White","Natalia","UG","4","SR","ABC1","C+","RE","natalia.m.white@fakeu.edu"
"28","627087207","Davis","Nathan","UG","4","JR","ABC2","C","RE","nathan.j.davis@fakeu.edu"
"29","605225264","Miller","Dylan","GR","4","GM","ABCG","I","RE","dylan.j.miller@fakeu.edu"
"30","202020659","Martin","Emma","UG","4","SO","ABC1","B","RE","emma.g.martin@fakeu.edu"
"31","367574546","Alvarez","Noah","UG","4","SO","OT42","B+","RE","noah.d.alvarez1@fakeu.edu"
"32","145410470","Evans","Riley","UG","4","SO","ABC1","A+","RE","riley.j.evans@fakeu.edu"
"33","781474790","Bryan","Kylie","UG","4","JR","ABC1","B-","RE","kylie.j.bryan@fakeu.edu"
"34","891520376","Andrews","Noah","UG","4","JR","ABC1","D+","RE","noah.u.andrews@fakeu.edu"
"35","530934390","Morris","Jason","UG","4","JR","ABC1","C-","RE","jason.k.morris@fakeu.edu"
"36","476966090","Robinson","Ava","GR","4","D1","OT78","A","RE","ava.n.robinson@fakeu.edu"
"37","856451716","Hudson","Charlotte","UG","4","JR","ABC2","B","RE","charlotte.s.hudson@fakeu.edu"
"38","490832213","Price","Emily","UG","4","JR","ABC1","B+","RE","emily.a.price1@fakeu.edu"
"39","674715703","Gutierrez","Bryan","UG","4","JR","ABC1","D","RE","bryan.j.gutierrez@fakeu.edu"
"40","811996168","Moore","Kevin","UG","4","JR","ABC1","D","RE","kevin.j.moore@fakeu.edu"
"41","584520397","Adams","Sophia","UG","4","JR","ABC1","A-","RE","sophia.o.adams@fakeu.edu"
"42","493038406","Smith","Alexander","GR","4","GM","ABCG","A","RE","alexander.g.smith@fakeu.edu"
"43","817746004","Reynolds","Natalie","UG","4","JR","ABC1","D+","RE","natalie.e.reynolds@fakeu.edu"
"44","950865604","Gordon","Layla","UG","4","JR","ABC1","B","RE","layla.j.gordon@fakeu.edu"
"45","649562644","Baker","Dylan","UL","4","UL","ABC1","A","RE","dylan.d.baker@fakeu.edu"
"46","835335814","Price","Alyssa","UG","4","SR","ABC1","F","RE","alyssa.a.price@fakeu.edu"
"47","806575387","Hernandez","Alex","GR","4","D2","O107","B","RE","alex.k.hernandez@fakeu.edu"
"48","840430661","Wagner","Wyatt","UG","4","JR","OT35","B-","RE","wyatt.a.wagner@fakeu.edu"
"49","381436192","Ramirez","Zachary","GR","4","D1","ABCG","B-","RE","zachary.n.ramirez@fakeu.edu"
"50","528040446","Key","Sophia","GR","4","D1","OT78","A","RE","sophia.j.key@fakeu.edu"
"51","212559195","Bennett","Isaiah","UG","4","JR","ABC2","C-","RE","isaiah.c.bennett@fakeu.edu"
"52","658008184","Howe","Mila","UG","4","SR","ABC1","D+","RE","mila.a.howe@fakeu.edu"
"53","487103074","Williams","Giselle","UG","4","SR","ABC2","NS","RE","giselle.s.williams@fakeu.edu"
"54","828523170","Logan","Owen","UG","4","SR","DEF1","F","RE","owen.m.logan@fakeu.edu"
""
"CID","TERM","SUBJ","CRSE","SEC","UNITS"
"59516","200610","ABC","208","1","4"
""
"INSTRUCTOR(S)","TYPE","DAYS","TIME","BUILD","ROOM"
"Larsen, Ava S.","Discussion","W","9:00 AM - 9:50 AM","TB3","167"
"","Lecture","MWF","1:10 PM - 2:00 PM","LH1","66"
""
"SEAT","SID","SURNAME","PREFNAME","LEVEL","UNITS","CLASS","MAJOR","GRADE","STATUS","EMAIL"
"1","102639935","George","William","UG","4","JR","ABC2","B","RE","william.c.george@fakeu.edu"
"2","985680217","Roberts","David","UG","4","SR","ABC2","C+","RE","david.e.roberts@fakeu.edu"
"3","941543949","Moore","Jonathan","UG","4","SR","ABC2","B+","RE","jonathan.l.moore@fakeu.edu"
"4","830544188","Gray","Gianna","UG","4","SR","ABC1","B+","RE","gianna.i.gray@fakeu.edu"
"5","959322956","Rice","Natalie","UG","4","SR","ABC2","A","RE","natalie.h.rice@fakeu.edu"
"6","178177720","Maldonado","Landon","UG","4","SR","OT35","A+","RE","landon.j.maldonado@fakeu.edu"
"7","341825746","Henderson","Caleb","UG","4","SR","ABC2","A","RE","caleb.l.henderson@fakeu.edu"
"8","409853126","Shaw","Santiago","UG","4","SR","ABC2","B","RE","santiago.a.shaw@fakeu.edu"
"9","582253442","Lindsay","Leonardo","UG","4","SR","ABC2","B","RE","leonardo.j.lindsay@fakeu.edu"
"10","688243185","Davidson","Jose","UG","4","SR","ABC2","A","RE","jose.x.davidson@fakeu.edu"
"11","998433345","Calhoun","Giovanni","UG","4","SR","ABC1","B+","RE","giovanni.a.calhoun@fakeu.edu"
"12","853333018","Ortiz","Thomas","UG","4","SR","ABC2","B-","RE","thomas.j.ortiz@fakeu.edu"
"13","520836066","Rose","Alan","UG","4","SR","ABC2","A-","RE","alan.n.rose@fakeu.edu"
"14","481449851","Brown","Valerie","UG","4","JR","ABC2","C+","RE","valerie.n.brown@fakeu.edu"
"15","783699805","Skinner","Santiago","UG","4","JR","ABC2","B+","RE","santiago.a.skinner@fakeu.edu"
"16","436660263","Wilson","Isabella","UG","4","JR","ABC2","B+","RE","isabella.j.wilson@fakeu.edu"
"17","888652781","Simmons","Jacob","UG","4","SR","ABC2","B+","RE","jacob.e.simmons@fakeu.edu"
"18","251565075","Hill","Brianna","UG","4","JR","ABC2","B+","RE","brianna.m.hill@fakeu.edu"
"19","575651150","Gilbert","Liliana","UG","4","SR","ABC2","B","RE","liliana.l.gilbert@fakeu.edu"
"20","900465669","Price","Ashley","UG","4","JR","O240","A","RE","ashley.s.price@fakeu.edu"
"21","138661356","Fletcher","Lily","UG","4","JR","ABC2","B","RE","lily.n.fletcher@fakeu.edu"
"22","251417235","Silva","Sophia","UG","4","JR","ABC2","A-","RE","sophia.j.silva@fakeu.edu"
"23","758267975","Harrison","Gavin","UG","4","SR","ABC2","B-","RE","gavin.b.harrison@fakeu.edu"
"24","503985622","Weiss","Lucas","UG","4","SR","ABC2","B","RE","lucas.a.weiss@fakeu.edu"
"25","835335814","Price","Alyssa","UG","4","SR","ABC1","D-","RE","alyssa.a.price@fakeu.edu"
"26","503522275","Rodriquez","Victoria","UG","4","JR","DEF1","C+","RE","victoria.m.rodriquez@fakeu.edu"
"27","495155832","Jones","Bryan","UG","4","JR","ABC2","B","RE","bryan.i.jones@fakeu.edu"
"28","364843871","Thomas","Isabella","UG","4","SR","ABC2","B","RE","isabella.n.thomas@fakeu.edu"
"29","292464590","Coleman","Jayden","UG","4","JR","ABC2","B","RE","jayden.a.coleman1@fakeu.edu"
"30","743056567","Hurley","Matthew","UG","4","JR","ABC2","A-","RE","matthew.r.hurley@fakeu.edu"
"31","483413038","Hernandez","Evelyn","UL","4","UL","ABC1","A","RE","evelyn.z.hernandez@fakeu.edu"
"32","856934057","Herrera","Abigail","UG","4","JR","ABC2","B","RE","abigail.s.herrera@fakeu.edu"
"33","247337635","Davis","Jason","UG","4","JR","ABC2","A-","RE","jason.s.davis@fakeu.edu"
"34","457815764","Warren","Joshua","UG","4","SR","ABC1","B+","RE","joshua.s.warren@fakeu.edu"
"35","436723805","Lester","Kaylee","UG","4","SR","ABC1","B-","RE","kaylee.a.lester@fakeu.edu"
"36","968274082","Reed","Christopher","UG","4","SR","ABC2","C-","RE","christopher.e.reed@fakeu.edu"
"37","422188959","Ball","Isaac","UG","4","SR","ABC2","B","RE","isaac.j.ball@fakeu.edu"
""
"CID","TERM","SUBJ","CRSE","SEC","UNITS"
"81843","200610","ABC","209","1","4"
""
"INSTRUCTOR(S)","TYPE","DAYS","TIME","BUILD","ROOM"
"Williams, Juan L.","Lecture","TR","9:00 AM - 10:20 AM","MB5","1356"
"","Discussion","W","12:10 PM - 1:00 PM","TB3","111"
""
"SEAT","SID","SURNAME","PREFNAME","LEVEL","UNITS","CLASS","MAJOR","GRADE","STATUS","EMAIL"
"1","288306093","Summers","Aiden","UG","4","SR","ABC1","C+","RE","aiden.s.summers@fakeu.edu"
"2","102639935","George","William","UG","4","JR","ABC2","C+","RE","william.c.george@fakeu.edu"
"3","985680217","Roberts","David","UG","4","SR","ABC2","C","RE","david.e.roberts@fakeu.edu"
"4","289175596","Howard","Sofia","UG","4","SR","ABC1","F","RE","sofia.g.howard@fakeu.edu"
"5","577370345","Hudson","Adam","UG","4","JR","O229","F","RE","adam.g.hudson@fakeu.edu"
"6","947281961","Anderson","Jordan","UG","4","SR","O160","D","RE","jordan.d.anderson@fakeu.edu"
"7","714853965","Shelton","Arianna","UG","4","SR","ABC2","B","RE","arianna.i.shelton@fakeu.edu"
"8","123897369","Rogers","Zoe","UG","4","SR","DEF2","A","RE","zoe.d.rogers@fakeu.edu"
"9","534335879","Norris","Alejandro","UG","4","SR","DEF2","B","RE","alejandro.k.norris@fakeu.edu"
"10","705850247","Brown","Logan","UG","4","SR","ABC1","C+","RE","logan.h.brown@fakeu.edu"
"11","348491777","Griffin","Jordan","UG","4","SR","ABC2","D","RE","jordan.v.griffin@fakeu.edu"
"12","601404432","Gallegos","Anthony","U2","4","U2","ABC2","C","RE","anthony.i.gallegos@fakeu.edu"
"13","168440215","Andrews","Steven","UG","4","SR","DEF2","C","RE","steven.s.andrews@fakeu.edu"
"14","429048345","Brown","Gabriel","UG","4","SR","ABC1","B","RE","gabriel.v.brown@fakeu.edu"
"15","990453213","Taylor","Jacob","UG","4","SR","ABC1","A","RE","jacob.a.taylor2@fakeu.edu"
"16","589166396","Boone","Nathaniel","UG","4","SR","ABC1","C","RE","nathaniel.d.boone@fakeu.edu"
"17","381041008","Howard","Alexander","UG","4","SR","ABC1","C","RE","alexander.d.howard@fakeu.edu"
"18","330081884","West","Oliver","UG","4","SR","ABC1","C","RE","oliver.h.west@fakeu.edu"
"19","579317224","Walton","Isaac","UG","4","SR","ABC1","B","RE","isaac.m.walton@fakeu.edu"
"20","318912144","Anderson","Benjamin","UG","4","JR","ABC1","B","RE","benjamin.i.anderson@fakeu.edu"
"21","799236897","Brown","Nathan","UG","4","SR","ABC1","A","RE","nathan.j.brown1@fakeu.edu"
"22","141355066","Sanchez","Eva","UG","4","SR","ABC1","C+","RE","eva.k.sanchez@fakeu.edu"
"23","111714416","Evans","Lucas","UG","4","SR","ABC1","B-","RE","lucas.e.evans@fakeu.edu"
"24","766973301","Maldonado","Liam","UG","4","SR","DEF2","A","RE","liam.m.maldonado1@fakeu.edu"
"25","998433345","Calhoun","Giovanni","UG","4","SR","ABC1","C","RE","giovanni.a.calhoun@fakeu.edu"
"26","439236735","Camacho","Olivia","UG","4","SR","ABC1","B","RE","olivia.j.camacho@fakeu.edu"
"27","545981192","Cooke","Audrey","UG","4","SR","ABC1","B","RE","audrey.s.cooke@fakeu.edu"
"28","436723805","Lester","Kaylee","UG","4","SR","ABC1","B","RE","kaylee.a.lester@fakeu.edu"
"29","472786174","Ramirez","Kimberly","UG","4","JR","ABC1","A-","RE","kimberly.i.ramirez@fakeu.edu"
"30","665169097","Williams","Katherine","UG","4","SR","ABC1","D","RE","katherine.q.williams@fakeu.edu"
"31","946764509","Taylor","Angel","UG","4","SR","ABC1","D","RE","angel.c.taylor@fakeu.edu"
"32","103973124","Jackson","Connor","UG","4","SR","ABC1","A","RE","connor.j.jackson@fakeu.edu"
"33","649204351","Ballard","Jesus","UG","4","JR","ABC1","B","RE","jesus.d.ballard@fakeu.edu"
"34","365828101","Thomas","Aiden","UG","4","SR","ABC1","B","RE","aiden.a.thomas@fakeu.edu"
"35","251565075","Hill","Brianna","UG","4","JR","ABC2","A","RE","brianna.m.hill@fakeu.edu"
"36","331036800","Jackson","Nathan","UG","4","JR","ABC1","B","RE","nathan.o.jackson1@fakeu.edu"
"37","575651150","Gilbert","Liliana","UG","4","SR","ABC2","A-","RE","liliana.l.gilbert@fakeu.edu"
"38","900465669","Price","Ashley","UG","4","JR","O240","B","RE","ashley.s.price@fakeu.edu"
"39","184358866","Davis","Sophia","UG","4","JR","ABC2","D+","RE","sophia.l.davis1@fakeu.edu"
"40","869959242","Nelson","Damian","UG","4","JR","ABC1","C","RE","damian.l.nelson@fakeu.edu"
"41","894514802","Singleton","Juan","UG","4","JR","ABC1","B","RE","juan.c.singleton@fakeu.edu"
"42","821868425","Anderson","Hunter","UG","4","SR","ABC1","B","RE","hunter.i.anderson@fakeu.edu"
"43","369087083","Bright","Dylan","UG","4","SO","ABC1","B","RE","dylan.v.bright@fakeu.edu"
"44","484127934","Hamilton","Elias","UL","4","UL","ABC1","B+","RE","elias.j.hamilton@fakeu.edu"
"45","813503487","Dominguez","Jason","GR","4","GM","ABCG","A+","RE","jason.m.dominguez@fakeu.edu"
"46","252319934","Stevens","Madison","UG","4","SR","ABC1","B-","RE","madison.j.stevens@fakeu.edu"
"47","514004234","Thomas","Charlotte","GR","4","GM","ABCG","B","RE","charlotte.g.thomas@fakeu.edu"
"48","903137631","Kidd","Emily","U2","4","U2","ABC2","B+","RE","emily.v.kidd@fakeu.edu"
"49","979438100","Lee","Daniel","UG","4","JR","DEF1","B+","RE","daniel.a.lee@fakeu.edu"
"50","674715703","Gutierrez","Bryan","UG","4","JR","ABC1","D","RE","bryan.j.gutierrez@fakeu.edu"
"51","466112058","Riddle","Isaiah","UG","4","JR","ABC2","B","RE","isaiah.j.riddle@fakeu.edu"
"52","804050713","Roach","Ivan","UG","4","SR","DEF2","D","RE","ivan.a.roach@fakeu.edu"
"53","364843871","Thomas","Isabella","UG","4","SR","ABC2","D","RE","isabella.n.thomas@fakeu.edu"
"54","292464590","Coleman","Jayden","UG","4","JR","ABC2","C","RE","jayden.a.coleman1@fakeu.edu"
"55","649562644","Baker","Dylan","UL","4","UL","ABC1","A+","RE","dylan.d.baker@fakeu.edu"
"56","483413038","Hernandez","Evelyn","UL","4","UL","ABC1","A+","RE","evelyn.z.hernandez@fakeu.edu"
"57","601857687","Burton","Sophia","UG","4","SO","ABC2","D","RE","sophia.h.burton@fakeu.edu"
"58","217684121","Davis","Angelina","UG","4","SR","ABC1","F","RE","angelina.a.davis@fakeu.edu"
"59","683169456","Wood","Natalia","GR","4","D1","ABCG","B","RE","natalia.c.wood@fakeu.edu"
"60","212559195","Bennett","Isaiah","UG","4","JR","ABC2","F","RE","isaiah.c.bennett@fakeu.edu"
"61","157730073","Terry","Victoria","UG","4","JR","ABC1","F","RE","victoria.z.terry@fakeu.edu"
"62","726451871","Howard","Layla","UG","4","JR","ABC2","C","RE","layla.d.howard@fakeu.edu"
""
"CID","TERM","SUBJ","CRSE","SEC","UNITS"
"41427","200610","ABC","213","1","4"
""
"INSTRUCTOR(S)","TYPE","DAYS","TIME","BUILD","ROOM"
"Donaldson, Matthew C.","Discussion","M","9:00 AM - 9:50 AM","LH1","74"
"","Lecture","MWF","5:10 PM - 6:00 PM","LH1","74"
""
"SEAT","SID","SURNAME","PREFNAME","LEVEL","UNITS","CLASS","MAJOR","GRADE","STATUS","EMAIL"
"1","195797574","Brown","Isabella","UG","4","SR","ABC1","B+","RE","isabella.b.brown@fakeu.edu"
"2","148035551","Perez","Jayden","UG","4","JR","O223","A","RE","jayden.j.perez@fakeu.edu"
"3","658907953","Walker","Adrian","UG","4","SR","DEF2","B+","RE","adrian.j.walker@fakeu.edu"
"4","828523170","Logan","Owen","UG","4","SR","DEF1","F","RE","owen.m.logan@fakeu.edu"
"5","912508427","Gonzalez","Matthew","UG","4","SR","ABC1","C","RE","matthew.a.gonzalez@fakeu.edu"
"6","842791986","Weaver","Nevaeh","UG","4","SR","DEF2","D+","RE","nevaeh.k.weaver@fakeu.edu"
"7","571462797","Potter","Gabriella","UG","4","SR","DEF2","A","RE","gabriella.v.potter@fakeu.edu"
"8","175675479","Boyer","Brandon","UG","4","SR","ABC1","C","RE","brandon.s.boyer@fakeu.edu"
"9","288866226","Wilson","William","UG","4","SR","DEF2","B-","RE","william.m.wilson@fakeu.edu"
"10","941543949","Moore","Jonathan","UG","4","SR","ABC2","A","RE","jonathan.l.moore@fakeu.edu"
"11","997163439","Lopez","Jonathan","UG","4","SR","ABC2","B+","RE","jonathan.l.lopez@fakeu.edu"
"12","595882848","Smith","Juan","UG","4","SR","ABC1","B+","RE","juan.l.smith@fakeu.edu"
"13","725711728","Blake","Ximena","UG","4","SR","ABC2","A","RE","ximena.a.blake@fakeu.edu"
"14","957776031","Stone","Alexander","UG","4","SR","ABC1","A-","RE","alexander.b.stone@fakeu.edu"
"15","380137555","Frost","Jesus","UG","4","SR","ABC2","A","RE","jesus.v.frost@fakeu.edu"
"16","341825746","Henderson","Caleb","UG","4","SR","ABC2","A-","RE","caleb.l.henderson@fakeu.edu"
"17","637228198","Hopkins","Emily","UG","4","SR","ABC1","A-","RE","emily.j.hopkins@fakeu.edu"
"18","523671035","Wright","Joseph","UG","4","SR","ABC1","A-","RE","joseph.l.wright@fakeu.edu"
"19","847103512","Kelly","Samantha","UG","4","SR","O244","A","RE","samantha.f.kelly@fakeu.edu"
"20","948714278","Vega","Jayden","UG","4","SR","DEF2","A-","RE","jayden.j.vega1@fakeu.edu"
"21","912600867","Martin","Joshua","UG","4","SR","ABC2","B+","RE","joshua.r.martin@fakeu.edu"
"22","507067822","Wilson","Jeremiah","UG","4","SR","ABC1","B-","RE","jeremiah.v.wilson@fakeu.edu"
"23","629850561","Dodson","Alexander","UG","4","SR","ABC2","A","RE","alexander.s.dodson@fakeu.edu"
"24","614776408","Cole","Chloe","UG","4","SR","ABC1","F","RE","chloe.j.cole@fakeu.edu"
"25","275201592","Jackson","Adrian","UG","4","SR","ABC2","B+","RE","adrian.a.jackson@fakeu.edu"
"26","598885586","Miller","Audrey","UG","4","SR","DEF2","A","RE","audrey.r.miller@fakeu.edu"
"27","128439194","Gould","Luis","UG","4","SR","ABC2","B-","RE","luis.n.gould@fakeu.edu"
"28","533557004","Richards","Isaiah","UG","4","SR","ABC1","A","RE","isaiah.j.richards1@fakeu.edu"
"29","796139912","Spears","Ian","UG","4","SR","ABC2","B+","RE","ian.n.spears@fakeu.edu"
"30","874999679","Sexton","Claire","UG","4","SR","DEF2","A","RE","claire.o.sexton@fakeu.edu"
"31","996806069","Hill","Scarlett","UG","4","SR","ABC2","A-","RE","scarlett.v.hill@fakeu.edu"
"32","853333018","Ortiz","Thomas","UG","4","SR","ABC2","A","RE","thomas.j.ortiz@fakeu.edu"
"33","520836066","Rose","Alan","UG","4","SR","ABC2","A","RE","alan.n.rose@fakeu.edu"
"34","861731724","Evans","Jack","UG","4","SR","ABC2","A","RE","jack.r.evans@fakeu.edu"
"35","436660263","Wilson","Isabella","UG","4","JR","ABC2","D-","RE","isabella.j.wilson@fakeu.edu"
"36","579317224","Walton","Isaac","UG","4","SR","ABC1","A+","RE","isaac.m.walton@fakeu.edu"
"37","138999138","Johns","Daniel","UG","4","SR","ABC1","B+","RE","daniel.n.johns@fakeu.edu"
"38","265554454","Murray","Elizabeth","UG","4","JR","ABC1","C+","RE","elizabeth.j.murray@fakeu.edu"
"39","251565075","Hill","Brianna","UG","4","JR","ABC2","A+","RE","brianna.m.hill@fakeu.edu"
"40","742478604","Lopez","Sofia","UG","4","JR","ABC1","C+","RE","sofia.m.lopez@fakeu.edu"
"41","457815764","Warren","Joshua","UG","4","SR","ABC1","A","RE","joshua.s.warren@fakeu.edu"
"42","506737082","Sheppard","Xavier","UG","4","JR","ABC1","A","RE","xavier.i.sheppard@fakeu.edu"
"43","620459202","Mooney","Angel","UL","4","UL","DEF2","C+","RE","angel.l.mooney@fakeu.edu"
"44","614889080","Sargent","Christopher","UG","4","JR","ABC2","B-","RE","christopher.n.sargent@fakeu.edu"
"45","743056567","Hurley","Matthew","UG","4","JR","ABC2","A","RE","matthew.r.hurley@fakeu.edu"
"46","326917153","Parks","Ashley","UG","4","JR","DEF2","A","RE","ashley.l.parks@fakeu.edu"
"47","483413038","Hernandez","Evelyn","UL","4","UL","ABC1","A","RE","evelyn.z.hernandez@fakeu.edu"
"48","484127934","Hamilton","Elias","UL","4","UL","ABC1","B+","RE","elias.j.hamilton@fakeu.edu"
"49","567261838","Thompson","Christopher","UG","4","SR","O239","C-","RE","christopher.v.thompson@fakeu.edu"
"50","894553687","Boone","Genesis","UG","4","SR","DEF1","B","RE","genesis.s.boone@fakeu.edu"
"51","343407072","Thomas","Daniel","UG","4","SR","DEF2","B","RE","daniel.l.thomas@fakeu.edu"
"52","739251131","Brown","Diego","UG","4","SR","ABC2","C+","RE","diego.h.brown@fakeu.edu"
"53","903137631","Kidd","Emily","U2","4","U2","ABC2","A","RE","emily.v.kidd@fakeu.edu"
"54","720968461","Roberts","Aubrey","UG","4","SR","DEF2","C+","RE","aubrey.a.roberts@fakeu.edu"
"55","302625407","Gill","Lily","UG","4","SR","ABC1","B+","RE","lily.a.gill@fakeu.edu"
"56","683169456","Wood","Natalia","GR","4","D1","ABCG","D+","RE","natalia.c.wood@fakeu.edu"
"57","950865604","Gordon","Layla","UG","4","JR","ABC1","A+","RE","layla.j.gordon@fakeu.edu"
"58","145588984","Mitchell","Mia","UG","4","JR","ABC1","A","RE","mia.l.mitchell@fakeu.edu"
"59","897448777","Anderson","Ava","UG","4","SR","OT35","A","RE","ava.m.anderson@fakeu.edu"
"60","890006043","Huber","Michael","UG","4","SR","DEF1","A-","RE","michael.a.huber@fakeu.edu"
"61","257504480","Foster","Nathan","UG","4","JR","ABC1","A+","RE","nathan.b.foster@fakeu.edu"
"62","966395169","Pena","Allison","UG","4","SR","ABC1","NS","RE","allison.s.pena@fakeu.edu"
"63","307778488","Jenkins","David","GR","4","D1","ABCG","A","RE","david.a.jenkins@fakeu.edu"
"64","726451871","Howard","Layla","UG","4","JR","ABC2","A-","RE","layla.d.howard@fakeu.edu"
""
"CID","TERM","SUBJ","CRSE","SEC","UNITS"
"57440","200610","ABC","216","1","4"
""
"INSTRUCTOR(S)","TYPE","DAYS","TIME","BUILD","ROOM"
"Downs, Jesus C.","Discussion","M","10:00 AM - 10:50 AM","LH5","19"
"","Lecture","MWF","11:00 AM - 11:50 AM","TB3","174"
""
"SEAT","SID","SURNAME","PREFNAME","LEVEL","UNITS","CLASS","MAJOR","GRADE","STATUS","EMAIL"
"1","985680217","Roberts","David","UG","4","SR","ABC2","B","RE","david.e.roberts@fakeu.edu"
"2","362695042","Murphy","Natalie","UG","4","SR","ABC2","F","RE","natalie.i.murphy@fakeu.edu"
"3","410807783","Scott","Delilah","UG","4","SR","ABC2","A","RE","delilah.m.scott@fakeu.edu"
"4","714853965","Shelton","Arianna","UG","4","SR","ABC2","B-","RE","arianna.i.shelton@fakeu.edu"
"5","968274082","Reed","Christopher","UG","4","SR","ABC2","C-","RE","christopher.e.reed@fakeu.edu"
"6","725711728","Blake","Ximena","UG","4","SR","ABC2","B-","RE","ximena.a.blake@fakeu.edu"
"7","348491777","Griffin","Jordan","UG","4","SR","ABC2","B+","RE","jordan.v.griffin@fakeu.edu"
"8","957776031","Stone","Alexander","UG","4","SR","ABC1","A-","RE","alexander.b.stone@fakeu.edu"
"9","104273396","Buck","Andres","UG","4","SR","ABC1","A","RE","andres.j.buck@fakeu.edu"
"10","341409282","Mann","Julia","UG","4","SR","ABC2","A","RE","julia.k.mann@fakeu.edu"
"11","955137589","Lawson","Stephanie","UG","4","SR","ABC2","C+","RE","stephanie.s.lawson@fakeu.edu"
"12","629850561","Dodson","Alexander","UG","4","SR","ABC2","A-","RE","alexander.s.dodson@fakeu.edu"
"13","589166396","Boone","Nathaniel","UG","4","SR","ABC1","C","RE","nathaniel.d.boone@fakeu.edu"
"14","192505740","Lewis","Ashley","UG","4","SR","OT35","C-","RE","ashley.k.lewis@fakeu.edu"
"15","381041008","Howard","Alexander","UG","4","SR","ABC1","C+","RE","alexander.d.howard@fakeu.edu"
"16","796139912","Spears","Ian","UG","4","SR","ABC2","B-","RE","ian.n.spears@fakeu.edu"
"17","578633994","Rowe","Ryan","UG","4","SR","ABC2","C+","RE","ryan.l.rowe@fakeu.edu"
"18","853333018","Ortiz","Thomas","UG","4","SR","ABC2","A-","RE","thomas.j.ortiz@fakeu.edu"
"19","331036800","Jackson","Nathan","UG","4","JR","ABC1","B-","RE","nathan.o.jackson1@fakeu.edu"
"20","457815764","Warren","Joshua","UG","4","SR","ABC1","A-","RE","joshua.s.warren@fakeu.edu"
"21","456515078","King","Mateo","UG","4","JR","ABC1","A-","RE","mateo.a.king2@fakeu.edu"
"22","758071910","Zimmerman","Valeria","UG","4","JR","ABC1","B+","RE","valeria.g.zimmerman@fakeu.edu"
"23","620459202","Mooney","Angel","UL","4","UL","DEF2","A","RE","angel.l.mooney@fakeu.edu"
"24","247337635","Davis","Jason","UG","4","JR","ABC2","A-","RE","jason.s.davis@fakeu.edu"
"25","567261838","Thompson","Christopher","UG","4","SR","O239","C+","RE","christopher.v.thompson@fakeu.edu"
"26","400293153","Armstrong","Daniel","UG","4","SR","O232","F","RE","daniel.j.armstrong@fakeu.edu"
"27","758267975","Harrison","Gavin","UG","4","SR","ABC2","A","RE","gavin.b.harrison@fakeu.edu"
"28","949896659","Johnson","Angelina","UG","4","JR","ABC1","B","RE","angelina.a.johnson1@fakeu.edu"
"29","584520397","Adams","Sophia","UG","4","JR","ABC1","A-","RE","sophia.o.adams@fakeu.edu"
"30","941543949","Moore","Jonathan","UG","4","SR","ABC2","A-","RE","jonathan.l.moore@fakeu.edu"
"31","503985622","Weiss","Lucas","UG","4","SR","ABC2","B-","RE","lucas.a.weiss@fakeu.edu"
"32","682546492","Hughes","Isaiah","UG","4","SR","ABC2","B","RE","isaiah.h.hughes@fakeu.edu"
"33","959322956","Rice","Natalie","UG","4","SR","ABC2","A-","RE","natalie.h.rice@fakeu.edu"
"34","835335814","Price","Alyssa","UG","4","SR","ABC1","C+","RE","alyssa.a.price@fakeu.edu"
"35","364843871","Thomas","Isabella","UG","4","SR","ABC2","C+","RE","isabella.n.thomas@fakeu.edu"
"36","520836066","Rose","Alan","UG","4","SR","ABC2","B","RE","alan.n.rose@fakeu.edu"
"37","817746004","Reynolds","Natalie","UG","4","JR","ABC1","B","RE","natalie.e.reynolds@fakeu.edu"
"38","157730073","Terry","Victoria","UG","4","JR","ABC1","C","RE","victoria.z.terry@fakeu.edu"
"39","872190944","Ortega","Kylie","UG","4","SR","ABC1","B+","RE","kylie.q.ortega@fakeu.edu"
"40","295516705","Silva","Ethan","ND","4","ND","O253","A","RE","ethan.e.silva@fakeu.edu"
"41","438750067","Watts","Ella","ND","4","ND","O253","C+","RE","ella.v.watts@fakeu.edu"
"42","523526971","Roberts","Angel","ND","4","ND","O253","A","RE","angel.q.roberts@fakeu.edu"
"43","516452587","Carroll","Jason","ND","4","ND","O253","B-","RE","jason.u.carroll@fakeu.edu"
"44","946764509","Taylor","Angel","UG","4","SR","ABC1","C-","RE","angel.c.taylor@fakeu.edu"
"45","230520453","Gilbert","Justin","UG","4","SR","ABC1","B-","RE","justin.b.gilbert@fakeu.edu"
"46","381436192","Ramirez","Zachary","GR","4","D1","ABCG","B","RE","zachary.n.ramirez@fakeu.edu"
"47","487103074","Williams","Giselle","UG","4","SR","ABC2","C-","RE","giselle.s.williams@fakeu.edu"
"48","495155832","Jones","Bryan","UG","4","JR","ABC2","A","RE","bryan.i.jones@fakeu.edu"
"49","269970611","Rosa","Isaac","ND","4","ND","O253","A-","RE","isaac.e.rosa@fakeu.edu"
""
"CID","TERM","SUBJ","CRSE","SEC","UNITS"
"34574","200610","ABC","221","1","4"
""
"INSTRUCTOR(S)","TYPE","DAYS","TIME","BUILD","ROOM"
"Sullivan, Jordan H.","Lecture","TR","1:40 PM - 3:00 PM","MB1","1030"
"","Discussion","W","3:10 PM - 4:00 PM","MB1","1030"
""
"SEAT","SID","SURNAME","PREFNAME","LEVEL","UNITS","CLASS","MAJOR","GRADE","STATUS","EMAIL"
"1","302625407","Gill","Lily","UG","4","SR","ABC1","B-","RE","lily.a.gill@fakeu.edu"
"2","288306093","Summers","Aiden","UG","4","SR","ABC1","B-","RE","aiden.s.summers@fakeu.edu"
"3","257504480","Foster","Nathan","UG","4","JR","ABC1","A","RE","nathan.b.foster@fakeu.edu"
"4","148035551","Perez","Jayden","UG","4","JR","O223","A","RE","jayden.j.perez@fakeu.edu"
"5","714853965","Shelton","Arianna","UG","4","SR","ABC2","B-","RE","arianna.i.shelton@fakeu.edu"
"6","952456626","Austin","Bella","UG","4","SR","ABC2","B","RE","bella.e.austin@fakeu.edu"
"7","705850247","Brown","Logan","UG","4","SR","ABC1","B","RE","logan.h.brown@fakeu.edu"
"8","496041413","Haney","Jacob","UG","4","SR","ABC1","B-","RE","jacob.l.haney@fakeu.edu"
"9","104273396","Buck","Andres","UG","4","SR","ABC1","A","RE","andres.j.buck@fakeu.edu"
"10","421717859","Warren","Alexander","UG","4","SR","ABC2","A-","RE","alexander.n.warren@fakeu.edu"
"11","341409282","Mann","Julia","UG","4","SR","ABC2","A","RE","julia.k.mann@fakeu.edu"
"12","365828101","Thomas","Aiden","UG","4","SR","ABC1","C+","RE","aiden.a.thomas@fakeu.edu"
"13","847103512","Kelly","Samantha","UG","4","SR","O244","A-","RE","samantha.f.kelly@fakeu.edu"
"14","990453213","Taylor","Jacob","UG","4","SR","ABC1","A-","RE","jacob.a.taylor2@fakeu.edu"
"15","582253442","Lindsay","Leonardo","UG","4","SR","ABC2","B-","RE","leonardo.j.lindsay@fakeu.edu"
"16","507067822","Wilson","Jeremiah","UG","4","SR","ABC1","B","RE","jeremiah.v.wilson@fakeu.edu"
"17","955137589","Lawson","Stephanie","UG","4","SR","ABC2","B+","RE","stephanie.s.lawson@fakeu.edu"
"18","754042150","James","Emma","UG","4","SR","ABC1","B+","RE","emma.l.james@fakeu.edu"
"19","712204413","Davis","Samantha","UG","4","SR","DEF1","B-","RE","samantha.a.davis1@fakeu.edu"
"20","614776408","Cole","Chloe","UG","4","SR","ABC1","C","RE","chloe.j.cole@fakeu.edu"
"21","799236897","Brown","Nathan","UG","4","SR","ABC1","A-","RE","nathan.j.brown1@fakeu.edu"
"22","111714416","Evans","Lucas","UG","4","SR","ABC1","B-","RE","lucas.e.evans@fakeu.edu"
"23","688243185","Davidson","Jose","UG","4","SR","ABC2","A","RE","jose.x.davidson@fakeu.edu"
"24","545981192","Cooke","Audrey","UG","4","SR","ABC1","C+","RE","audrey.s.cooke@fakeu.edu"
"25","665169097","Williams","Katherine","UG","4","SR","ABC1","B","RE","katherine.q.williams@fakeu.edu"
"26","877125168","Morrow","Tyler","UG","4","SR","ABC1","A-","RE","tyler.j.morrow@fakeu.edu"
"27","946764509","Taylor","Angel","UG","4","SR","ABC1","C","RE","angel.c.taylor@fakeu.edu"
"28","103973124","Jackson","Connor","UG","4","SR","ABC1","A","RE","connor.j.jackson@fakeu.edu"
"29","649204351","Ballard","Jesus","UG","4","JR","ABC1","B","RE","jesus.d.ballard@fakeu.edu"
"30","124489045","Spencer","Luis","UG","4","JR","ABC1","A","RE","luis.j.spencer@fakeu.edu"
"31","783699805","Skinner","Santiago","UG","4","JR","ABC2","B+","RE","santiago.a.skinner@fakeu.edu"
"32","897448777","Anderson","Ava","UG","4","SR","OT35","B","RE","ava.m.anderson@fakeu.edu"
"33","537795699","Lopez","Eli","UG","4","JR","ABC1","A","RE","eli.m.lopez@fakeu.edu"
"34","299062010","Howard","Maria","UG","4","SR","ABC1","A-","RE","maria.g.howard@fakeu.edu"
"35","575651150","Gilbert","Liliana","UG","4","SR","ABC2","A-","RE","liliana.l.gilbert@fakeu.edu"
"36","331036800","Jackson","Nathan","UG","4","JR","ABC1","B","RE","nathan.o.jackson1@fakeu.edu"
"37","900465669","Price","Ashley","UG","4","JR","O240","C+","RE","ashley.s.price@fakeu.edu"
"38","184358866","Davis","Sophia","UG","4","JR","ABC2","C+","RE","sophia.l.davis1@fakeu.edu"
"39","138661356","Fletcher","Lily","UG","4","JR","ABC2","F","RE","lily.n.fletcher@fakeu.edu"
"40","675748306","White","Connor","UG","4","JR","ABC2","B","RE","connor.s.white@fakeu.edu"
"41","365084169","Roman","Andrew","UG","4","JR","ABC2","B+","RE","andrew.a.roman1@fakeu.edu"
"42","876325880","Kane","Abigail","UG","4","JR","ABC1","B-","RE","abigail.a.kane@fakeu.edu"
"43","614889080","Sargent","Christopher","UG","4","JR","ABC2","C+","RE","christopher.n.sargent@fakeu.edu"
"44","367383895","Wright","Anthony","UG","4","SR","OT35","A","RE","anthony.n.wright@fakeu.edu"
"45","894514802","Singleton","Juan","UG","4","JR","ABC1","C+","RE","juan.c.singleton@fakeu.edu"
"46","145588984","Mitchell","Mia","UG","4","JR","ABC1","B+","RE","mia.l.mitchell@fakeu.edu"
"47","319520853","Powell","Mila","UG","4","JR","ABC2","A-","RE","mila.i.powell@fakeu.edu"
"48","821868425","Anderson","Hunter","UG","4","SR","ABC1","B-","RE","hunter.i.anderson@fakeu.edu"
"49","232848740","White","Natalia","UG","4","SR","ABC1","A-","RE","natalia.m.white@fakeu.edu"
"50","292464590","Coleman","Jayden","UG","4","JR","ABC2","F","RE","jayden.a.coleman1@fakeu.edu"
"51","856934057","Herrera","Abigail","UG","4","JR","ABC2","B-","RE","abigail.s.herrera@fakeu.edu"
"52","202020659","Martin","Emma","UG","4","SO","ABC1","B","RE","emma.g.martin@fakeu.edu"
"53","367574546","Alvarez","Noah","UG","4","SO","OT42","B+","RE","noah.d.alvarez1@fakeu.edu"
"54","978098380","Pitts","Evelyn","UG","4","SR","ABC2","C+","RE","evelyn.k.pitts@fakeu.edu"
"55","148949377","Stuart","Evan","GR","4","GM","ABCG","A","RE","evan.e.stuart@fakeu.edu"
"56","408018588","Neal","Anthony","UG","4","JR","ABC2","B-","RE","anthony.a.neal@fakeu.edu"
"57","754210511","Lee","Melissa","UG","4","JR","ABC1","F","RE","melissa.a.lee@fakeu.edu"
"58","674715703","Gutierrez","Bryan","UG","4","JR","ABC1","C+","RE","bryan.j.gutierrez@fakeu.edu"
"59","804050713","Roach","Ivan","UG","4","SR","DEF2","C+","RE","ivan.a.roach@fakeu.edu"
"60","649562644","Baker","Dylan","UL","4","UL","ABC1","A-","RE","dylan.d.baker@fakeu.edu"
"61","288442977","Flores","Aiden","ND","4","ND","O253","F","RE","aiden.j.flores@fakeu.edu"
"62","466112058","Riddle","Isaiah","UG","4","JR","ABC2","A","RE","isaiah.j.riddle@fakeu.edu"
"63","720968461","Roberts","Aubrey","UG","4","SR","DEF2","C","RE","aubrey.a.roberts@fakeu.edu"
""
"CID","TERM","SUBJ","CRSE","SEC","UNITS"
"18465","200610","ABC","223","1","4"
""
"INSTRUCTOR(S)","TYPE","DAYS","TIME","BUILD","ROOM"
""
"SEAT","SID","SURNAME","PREFNAME","LEVEL","UNITS","CLASS","MAJOR","GRADE","STATUS","EMAIL"
""
"CID","TERM","SUBJ","CRSE","SEC","UNITS"
"86194","200610","ABC","231","1","4"
""
"INSTRUCTOR(S)","TYPE","DAYS","TIME","BUILD","ROOM"
""
"SEAT","SID","SURNAME","PREFNAME","LEVEL","UNITS","CLASS","MAJOR","GRADE","STATUS","EMAIL"
""
"CID","TERM","SUBJ","CRSE","SEC","UNITS"
"54857","200610","ABC","237","1","4"
""
"INSTRUCTOR(S)","TYPE","DAYS","TIME","BUILD","ROOM"
"Hill, Melody B.","Lecture","MWF","1:10 PM - 2:00 PM","MB2","1006"
"","Discussion","F","2:10 PM - 3:00 PM","MB2","1006"
""
"SEAT","SID","SURNAME","PREFNAME","LEVEL","UNITS","CLASS","MAJOR","GRADE","STATUS","EMAIL"
"1","997163439","Lopez","Jonathan","UG","4","SR","ABC2","B","RE","jonathan.l.lopez@fakeu.edu"
"2","210540148","Thomas","Brayden","UG","4","SR","OT35","A+","RE","brayden.g.thomas@fakeu.edu"
"3","277836344","Hendricks","Isaac","UG","4","SR","ABC2","NS","RE","isaac.g.hendricks@fakeu.edu"
"4","637228198","Hopkins","Emily","UG","4","SR","ABC1","A-","RE","emily.j.hopkins@fakeu.edu"
"5","507067822","Wilson","Jeremiah","UG","4","SR","ABC1","C+","RE","jeremiah.v.wilson@fakeu.edu"
"6","672901840","Lopez","Evelyn","UG","4","SR","ABC2","NS","RE","evelyn.g.lopez@fakeu.edu"
"7","897004809","Wagner","Ariana","UG","4","SR","OT44","C+","RE","ariana.s.wagner@fakeu.edu"
"8","624004744","Clarke","Melody","GR","4","D1","ABCG","B-","RE","melody.s.clarke@fakeu.edu"
"9","868479012","Smith","Alan","GR","4","D1","ABCG","A","RE","alan.e.smith@fakeu.edu"
"10","252319934","Stevens","Madison","UG","4","SR","ABC1","B","RE","madison.j.stevens@fakeu.edu"
"11","123385575","Clarke","Alexander","UG","4","SR","ABC2","F","RE","alexander.a.clarke@fakeu.edu"
"12","790593933","Hughes","Jordan","GR","4","D2","DEFG","A-","RE","jordan.l.hughes@fakeu.edu"
"13","649452596","Morgan","Tyler","UG","4","SR","ABC1","B","RE","tyler.e.morgan@fakeu.edu"
"14","673443376","Holt","Andrew","GR","4","D1","ABCG","A","RE","andrew.a.holt@fakeu.edu"
"15","977749376","Mccullough","Jacob","GR","4","D1","ABCG","B","RE","jacob.v.mccullough@fakeu.edu"
"16","669526809","Evans","Leonardo","UG","4","SR","DEF2","C","RE","leonardo.m.evans@fakeu.edu"
""
"CID","TERM","SUBJ","CRSE","SEC","UNITS"
"28010","200610","ABC","238","1","4"
""
"INSTRUCTOR(S)","TYPE","DAYS","TIME","BUILD","ROOM"
"Perry, Katherine V.","Discussion","F","3:10 PM - 4:00 PM","LH5","47"
"","Lecture","TR","6:10 PM - 7:30 PM","MB1","1030"
""
"SEAT","SID","SURNAME","PREFNAME","LEVEL","UNITS","CLASS","MAJOR","GRADE","STATUS","EMAIL"
"1","585013009","Johnson","Elijah","UG","4","SR","OT40","NS","RE","elijah.n.johnson@fakeu.edu"
"2","534335879","Norris","Alejandro","UG","4","SR","DEF2","B","RE","alejandro.k.norris@fakeu.edu"
"3","288866226","Wilson","William","UG","4","SR","DEF2","D-","RE","william.m.wilson@fakeu.edu"
"4","972502501","Perry","Ryan","UG","4","SR","ABC2","B+","RE","ryan.m.perry@fakeu.edu"
"5","952456626","Austin","Bella","UG","4","SR","ABC2","A","RE","bella.e.austin@fakeu.edu"
"6","210540148","Thomas","Brayden","UG","4","SR","OT35","A+","RE","brayden.g.thomas@fakeu.edu"
"7","168440215","Andrews","Steven","UG","4","SR","DEF2","B+","RE","steven.s.andrews@fakeu.edu"
"8","135832877","Hinton","Elijah","UG","4","SR","ABC2","A+","RE","elijah.s.hinton@fakeu.edu"
"9","104273396","Buck","Andres","UG","4","SR","ABC1","A-","RE","andres.j.buck@fakeu.edu"
"10","421717859","Warren","Alexander","UG","4","SR","ABC2","A","RE","alexander.n.warren@fakeu.edu"
"11","642620421","Webb","Vincent","UG","4","SR","ABC2","A+","RE","vincent.h.webb@fakeu.edu"
"12","629850561","Dodson","Alexander","UG","4","SR","ABC2","A","RE","alexander.s.dodson@fakeu.edu"
"13","330081884","West","Oliver","UG","4","SR","ABC1","D+","RE","oliver.h.west@fakeu.edu"
"14","344162707","Scott","Samantha","GR","4","GM","ABCG","A+","RE","samantha.a.scott@fakeu.edu"
"15","141355066","Sanchez","Eva","UG","4","SR","ABC1","A-","RE","eva.k.sanchez@fakeu.edu"
"16","897004809","Wagner","Ariana","UG","4","SR","OT44","C-","RE","ariana.s.wagner@fakeu.edu"
"17","436723805","Lester","Kaylee","UG","4","SR","ABC1","C+","RE","kaylee.a.lester@fakeu.edu"
"18","472786174","Ramirez","Kimberly","UG","4","JR","ABC1","B+","RE","kimberly.i.ramirez@fakeu.edu"
"19","132894464","Johnson","Josiah","UG","4","SR","DEF2","A-","RE","josiah.j.johnson@fakeu.edu"
"20","758071910","Zimmerman","Valeria","UG","4","JR","ABC1","A-","RE","valeria.g.zimmerman@fakeu.edu"
"21","365084169","Roman","Andrew","UG","4","JR","ABC2","B+","RE","andrew.a.roman1@fakeu.edu"
"22","145588984","Mitchell","Mia","UG","4","JR","ABC1","A+","RE","mia.l.mitchell@fakeu.edu"
"23","483413038","Hernandez","Evelyn","UL","4","UL","ABC1","A","RE","evelyn.z.hernandez@fakeu.edu"
"24","484127934","Hamilton","Elias","UL","4","UL","ABC1","B","RE","elias.j.hamilton@fakeu.edu"
"25","672901840","Lopez","Evelyn","UG","4","SR","ABC2","B+","RE","evelyn.g.lopez@fakeu.edu"
"26","490832213","Price","Emily","UG","4","JR","ABC1","A","RE","emily.a.price1@fakeu.edu"
"27","466112058","Riddle","Isaiah","UG","4","JR","ABC2","B+","RE","isaiah.j.riddle@fakeu.edu"
"28","966395169","Pena","Allison","UG","4","SR","ABC1","NS","RE","allison.s.pena@fakeu.edu"
"29","682546492","Hughes","Isaiah","UG","4","SR","ABC2","C+","RE","isaiah.h.hughes@fakeu.edu"
"30","799268571","Freeman","Alexa","UG","4","JR","ABC2","A","RE","alexa.a.freeman@fakeu.edu"
"31","236452640","Holman","Alexander","GR","4","D1","ABCG","NS","RE","alexander.q.holman@fakeu.edu"
"32","574693960","Wall","William","GR","4","D1","ABCG","A","RE","william.a.wall@fakeu.edu"
"33","601857687","Burton","Sophia","UG","4","SO","ABC2","B","RE","sophia.h.burton@fakeu.edu"
"34","658008184","Howe","Mila","UG","4","SR","ABC1","D+","RE","mila.a.howe@fakeu.edu"
""
"CID","TERM","SUBJ","CRSE","SEC","UNITS"
"45856","200610","ABC","241","1","4"
""
"INSTRUCTOR(S)","TYPE","DAYS","TIME","BUILD","ROOM"
"Moore, Isabella M.","Lecture/Discussion","TR","10:30 AM - 11:50 AM","LH4","37"
""
"SEAT","SID","SURNAME","PREFNAME","LEVEL","UNITS","CLASS","MAJOR","GRADE","STATUS","EMAIL"
"1","523671035","Wright","Joseph","UG","4","SR","ABC1","A-","RE","joseph.l.wright@fakeu.edu"
"2","409853126","Shaw","Santiago","UG","4","SR","ABC2","B","RE","santiago.a.shaw@fakeu.edu"
"3","955137589","Lawson","Stephanie","UG","4","SR","ABC2","B+","RE","stephanie.s.lawson@fakeu.edu"
"4","141355066","Sanchez","Eva","UG","4","SR","ABC1","B","RE","eva.k.sanchez@fakeu.edu"
"5","128439194","Gould","Luis","UG","4","SR","ABC2","A-","RE","luis.n.gould@fakeu.edu"
"6","436723805","Lester","Kaylee","UG","4","SR","ABC1","A","RE","kaylee.a.lester@fakeu.edu"
"7","665169097","Williams","Katherine","UG","4","SR","ABC1","A-","RE","katherine.q.williams@fakeu.edu"
"8","861731724","Evans","Jack","UG","4","SR","ABC2","A","RE","jack.r.evans@fakeu.edu"
"9","331036800","Jackson","Nathan","UG","4","JR","ABC1","B-","RE","nathan.o.jackson1@fakeu.edu"
"10","125777693","Kim","Charlotte","UG","4","JR","DEF1","B","RE","charlotte.x.kim@fakeu.edu"
"11","194185689","Brady","Carlos","UG","4","JR","ABC1","B","RE","carlos.r.brady@fakeu.edu"
"12","640541197","Ratliff","Jonathan","UG","4","JR","ABC2","B","RE","jonathan.v.ratliff@fakeu.edu"
"13","319520853","Powell","Mila","UG","4","JR","ABC2","A","RE","mila.i.powell@fakeu.edu"
"14","869959242","Nelson","Damian","UG","4","JR","ABC1","B-","RE","damian.l.nelson@fakeu.edu"
"15","422188959","Ball","Isaac","UG","4","SR","ABC2","B-","RE","isaac.j.ball@fakeu.edu"
"16","408018588","Neal","Anthony","UG","4","JR","ABC2","A","RE","anthony.a.neal@fakeu.edu"
"17","306827736","Morse","Benjamin","UG","4","JR","ABC2","B+","RE","benjamin.l.morse@fakeu.edu"
"18","224281446","Jones","Joshua","UG","4","SR","DEF1","A-","RE","joshua.k.jones@fakeu.edu"
"19","424622259","Owens","Jackson","UG","4","SR","OT21","A","RE","jackson.j.owens@fakeu.edu"
"20","992920983","Shepherd","Juan","UG","4","JR","O224","B","RE","juan.j.shepherd@fakeu.edu"
""
"CID","TERM","SUBJ","CRSE","SEC","UNITS"
"58315","200610","ABC","241","2","4"
""
"INSTRUCTOR(S)","TYPE","DAYS","TIME","BUILD","ROOM"
"Green, Isabella M.","Lecture/Discussion","MWF","4:10 PM - 5:00 PM","LH1","142"
""
"SEAT","SID","SURNAME","PREFNAME","LEVEL","UNITS","CLASS","MAJOR","GRADE","STATUS","EMAIL"
"1","302625407","Gill","Lily","UG","4","SR","ABC1","B","RE","lily.a.gill@fakeu.edu"
"2","723286684","Williams","Brayden","UG","4","SR","ABC1","B+","RE","brayden.g.williams@fakeu.edu"
"3","912508427","Gonzalez","Matthew","UG","4","SR","ABC1","A-","RE","matthew.a.gonzalez@fakeu.edu"
"4","175675479","Boyer","Brandon","UG","4","SR","ABC1","C+","RE","brandon.s.boyer@fakeu.edu"
"5","405815491","Young","Andres","UG","4","SR","ABC2","C+","RE","andres.s.young@fakeu.edu"
"6","941543949","Moore","Jonathan","UG","4","SR","ABC2","A","RE","jonathan.l.moore@fakeu.edu"
"7","169978373","Reyes","Valerie","UG","4","SR","ABC2","B+","RE","valerie.a.reyes@fakeu.edu"
"8","837181798","Morrow","Matthew","UG","4","SR","ABC2","A","RE","matthew.h.morrow@fakeu.edu"
"9","957776031","Stone","Alexander","UG","4","SR","ABC1","A","RE","alexander.b.stone@fakeu.edu"
"10","365828101","Thomas","Aiden","UG","4","SR","ABC1","B+","RE","aiden.a.thomas@fakeu.edu"
"11","235143773","Robinson","Adam","UG","4","SR","ABC1","A","RE","adam.m.robinson@fakeu.edu"
"12","360793205","Buckley","Leah","UG","4","SR","DEF2","A","RE","leah.a.buckley@fakeu.edu"
"13","796139912","Spears","Ian","UG","4","SR","ABC2","B","RE","ian.n.spears@fakeu.edu"
"14","472786174","Ramirez","Kimberly","UG","4","JR","ABC1","A-","RE","kimberly.i.ramirez@fakeu.edu"
"15","578633994","Rowe","Ryan","UG","4","SR","ABC2","B+","RE","ryan.l.rowe@fakeu.edu"
"16","877125168","Morrow","Tyler","UG","4","SR","ABC1","A","RE","tyler.j.morrow@fakeu.edu"
"17","476002305","Hunt","Daniel","UG","4","SR","OTH8","B+","RE","daniel.l.hunt@fakeu.edu"
"18","682546492","Hughes","Isaiah","UG","4","SR","ABC2","B-","RE","isaiah.h.hughes@fakeu.edu"
"19","416391931","Stephenson","Isabella","UG","4","JR","OT67","B+","RE","isabella.l.stephenson@fakeu.edu"
""
"CID","TERM","SUBJ","CRSE","SEC","UNITS"
"85872","200610","ABC","247","1","1.000 - 5.000"
""
"INSTRUCTOR(S)","TYPE","DAYS","TIME","BUILD","ROOM"
"Olson, Jennifer D.","Variable","TR","4:40 PM - 6:00 PM","MB2","1006"
""
"SEAT","SID","SURNAME","PREFNAME","LEVEL","UNITS","CLASS","MAJOR","GRADE","STATUS","EMAIL"
"1","758267975","Harrison","Gavin","UG","4","SR","ABC2","I","RE","gavin.b.harrison@fakeu.edu"
"2","616003915","Gallagher","Santiago","UG","4","JR","ABC1","A","RE","santiago.o.gallagher@fakeu.edu"
"3","662161524","O'brien","James","UG","4","SR","ABC1","A","RE","james.a.o'brien@fakeu.edu"
"4","195797574","Brown","Isabella","UG","4","SR","ABC1","A","RE","isabella.b.brown@fakeu.edu"
"5","601857687","Burton","Sophia","UG","5","SO","ABC2","A","RE","sophia.h.burton@fakeu.edu"
"6","766973301","Maldonado","Liam","UG","5","SR","DEF2","A","RE","liam.m.maldonado1@fakeu.edu"
"7","506737082","Sheppard","Xavier","UG","4","JR","ABC1","A","RE","xavier.i.sheppard@fakeu.edu"
"8","302625407","Gill","Lily","UG","4","SR","ABC1","A","RE","lily.a.gill@fakeu.edu"
"9","482473496","Rodriguez","Andrew","UG","4","SR","ABC2","A","RE","andrew.e.rodriguez@fakeu.edu"
"10","124489045","Spencer","Luis","UG","4","JR","ABC1","A","RE","luis.j.spencer@fakeu.edu"
"11","169978373","Reyes","Valerie","UG","4","SR","ABC2","A","RE","valerie.a.reyes@fakeu.edu"
"12","946764509","Taylor","Angel","UG","4","SR","ABC1","A","RE","angel.c.taylor@fakeu.edu"
"13","181023063","Evans","Nicholas","UG","4","SR","ABC2","A","RE","nicholas.s.evans@fakeu.edu"
"14","972502501","Perry","Ryan","UG","4","SR","ABC2","A","RE","ryan.m.perry@fakeu.edu"
"15","566963127","Garrett","Jason","UG","4","SR","ABC1","A","RE","jason.l.garrett@fakeu.edu"
"16","248013089","Snyder","Kevin","UG","4","SR","ABC1","A","RE","kevin.m.snyder@fakeu.edu"
"17","545981192","Cooke","Audrey","UG","4","SR","ABC1","A","RE","audrey.s.cooke@fakeu.edu"
"18","480738314","Henderson","Leonardo","UG","4","SR","DEF1","A","RE","leonardo.v.henderson@fakeu.edu"
"19","495155832","Jones","Bryan","UG","4","JR","ABC2","I","RE","bryan.i.jones@fakeu.edu"
"20","790927355","Richards","Santiago","GR","2","GM","O259","I","RE","santiago.m.richards@fakeu.edu"
"21","968274082","Reed","Christopher","UG","4","SR","ABC2","A","RE","christopher.e.reed@fakeu.edu"
"22","708652696","Brock","Avery","UG","5","SR","DEF2","A","RE","avery.e.brock@fakeu.edu"
"23","121940241","Perez","Abigail","UG","4","SR","ABC1","A","RE","abigail.e.perez@fakeu.edu"
"24","145837297","Smith","Benjamin","UG","4","SR","ABC1","A","RE","benjamin.c.smith1@fakeu.edu"
""
"CID","TERM","SUBJ","CRSE","SEC","UNITS"
"78275","200610","ABC","251","0","1"
""
"INSTRUCTOR(S)","TYPE","DAYS","TIME","BUILD","ROOM"
"","Discussion","","","",""
""
"SEAT","SID","SURNAME","PREFNAME","LEVEL","UNITS","CLASS","MAJOR","GRADE","STATUS","EMAIL"
""
"CID","TERM","SUBJ","CRSE","SEC","UNITS"
"20584","200610","ABC","251","1","1"
""
"INSTRUCTOR(S)","TYPE","DAYS","TIME","BUILD","ROOM"
"","Discussion","","","",""
""
"SEAT","SID","SURNAME","PREFNAME","LEVEL","UNITS","CLASS","MAJOR","GRADE","STATUS","EMAIL"
""
"CID","TERM","SUBJ","CRSE","SEC","UNITS"
"26430","200610","ABC","251","2","1"
""
"INSTRUCTOR(S)","TYPE","DAYS","TIME","BUILD","ROOM"
"Perry, Katherine V.","Discussion","","","",""
""
"SEAT","SID","SURNAME","PREFNAME","LEVEL","UNITS","CLASS","MAJOR","GRADE","STATUS","EMAIL"
""
"CID","TERM","SUBJ","CRSE","SEC","UNITS"
"27439","200610","ABC","251","3","1"
""
"INSTRUCTOR(S)","TYPE","DAYS","TIME","BUILD","ROOM"
"Sullivan, Jordan H.","Discussion","","","",""
""
"SEAT","SID","SURNAME","PREFNAME","LEVEL","UNITS","CLASS","MAJOR","GRADE","STATUS","EMAIL"
""
"CID","TERM","SUBJ","CRSE","SEC","UNITS"
"73084","200610","ABC","251","4","1"
""
"INSTRUCTOR(S)","TYPE","DAYS","TIME","BUILD","ROOM"
"Herring, Nathan L.","Discussion","","","",""
""
"SEAT","SID","SURNAME","PREFNAME","LEVEL","UNITS","CLASS","MAJOR","GRADE","STATUS","EMAIL"
""
"CID","TERM","SUBJ","CRSE","SEC","UNITS"
"67667","200610","ABC","251","5","1"
""
"INSTRUCTOR(S)","TYPE","DAYS","TIME","BUILD","ROOM"
"Bennett, Henry A.","Discussion","","","",""
""
"SEAT","SID","SURNAME","PREFNAME","LEVEL","UNITS","CLASS","MAJOR","GRADE","STATUS","EMAIL"
""
"CID","TERM","SUBJ","CRSE","SEC","UNITS"
"59471","200610","ABC","251","6","1"
""
"INSTRUCTOR(S)","TYPE","DAYS","TIME","BUILD","ROOM"
"Olson, Jennifer D.","Discussion","","","",""
""
"SEAT","SID","SURNAME","PREFNAME","LEVEL","UNITS","CLASS","MAJOR","GRADE","STATUS","EMAIL"
""
"CID","TERM","SUBJ","CRSE","SEC","UNITS"
"81145","200610","ABC","251","7","1"
""
"INSTRUCTOR(S)","TYPE","DAYS","TIME","BUILD","ROOM"
"Hayden, Ryan L.","Discussion","","","",""
""
"SEAT","SID","SURNAME","PREFNAME","LEVEL","UNITS","CLASS","MAJOR","GRADE","STATUS","EMAIL"
""
"CID","TERM","SUBJ","CRSE","SEC","UNITS"
"11812","200610","ABC","251","8","1"
""
"INSTRUCTOR(S)","TYPE","DAYS","TIME","BUILD","ROOM"
"Battle, Gianna M.","Discussion","","","",""
""
"SEAT","SID","SURNAME","PREFNAME","LEVEL","UNITS","CLASS","MAJOR","GRADE","STATUS","EMAIL"
""
"CID","TERM","SUBJ","CRSE","SEC","UNITS"
"15845","200610","ABC","251","9","1"
""
"INSTRUCTOR(S)","TYPE","DAYS","TIME","BUILD","ROOM"
"Cox, Jayden L.","Discussion","","","",""
""
"SEAT","SID","SURNAME","PREFNAME","LEVEL","UNITS","CLASS","MAJOR","GRADE","STATUS","EMAIL"
""
"CID","TERM","SUBJ","CRSE","SEC","UNITS"
"72566","200610","ABC","251","10","1"
""
"INSTRUCTOR(S)","TYPE","DAYS","TIME","BUILD","ROOM"
"Johnson, Abigail N.","Discussion","","","",""
""
"SEAT","SID","SURNAME","PREFNAME","LEVEL","UNITS","CLASS","MAJOR","GRADE","STATUS","EMAIL"
""
"CID","TERM","SUBJ","CRSE","SEC","UNITS"
"57196","200610","ABC","251","11","1"
""
"INSTRUCTOR(S)","TYPE","DAYS","TIME","BUILD","ROOM"
"Reese, Ryan X.","Discussion","","","",""
""
"SEAT","SID","SURNAME","PREFNAME","LEVEL","UNITS","CLASS","MAJOR","GRADE","STATUS","EMAIL"
""
"CID","TERM","SUBJ","CRSE","SEC","UNITS"
"11362","200610","ABC","251","12","1"
""
"INSTRUCTOR(S)","TYPE","DAYS","TIME","BUILD","ROOM"
"Larsen, Ava S.","Discussion","","","",""
""
"SEAT","SID","SURNAME","PREFNAME","LEVEL","UNITS","CLASS","MAJOR","GRADE","STATUS","EMAIL"
""
"CID","TERM","SUBJ","CRSE","SEC","UNITS"
"58310","200610","ABC","251","13","1"
""
"INSTRUCTOR(S)","TYPE","DAYS","TIME","BUILD","ROOM"
"Snyder, Samantha R.","Discussion","","","",""
""
"SEAT","SID","SURNAME","PREFNAME","LEVEL","UNITS","CLASS","MAJOR","GRADE","STATUS","EMAIL"
""
"CID","TERM","SUBJ","CRSE","SEC","UNITS"
"49971","200610","ABC","251","14","1"
""
"INSTRUCTOR(S)","TYPE","DAYS","TIME","BUILD","ROOM"
"Williams, Juan L.","Discussion","","","",""
""
"SEAT","SID","SURNAME","PREFNAME","LEVEL","UNITS","CLASS","MAJOR","GRADE","STATUS","EMAIL"
""
"CID","TERM","SUBJ","CRSE","SEC","UNITS"
"23166","200610","ABC","251","15","1"
""
"INSTRUCTOR(S)","TYPE","DAYS","TIME","BUILD","ROOM"
"Parker, Alejandro G.","Discussion","","","",""
""
"SEAT","SID","SURNAME","PREFNAME","LEVEL","UNITS","CLASS","MAJOR","GRADE","STATUS","EMAIL"
""
"CID","TERM","SUBJ","CRSE","SEC","UNITS"
"75273","200610","ABC","251","16","1"
""
"INSTRUCTOR(S)","TYPE","DAYS","TIME","BUILD","ROOM"
"Cox, Ayden C.","Discussion","","","",""
""
"SEAT","SID","SURNAME","PREFNAME","LEVEL","UNITS","CLASS","MAJOR","GRADE","STATUS","EMAIL"
""
"CID","TERM","SUBJ","CRSE","SEC","UNITS"
"94515","200610","ABC","251","17","1"
""
"INSTRUCTOR(S)","TYPE","DAYS","TIME","BUILD","ROOM"
"Rutledge, Ashley B.","Discussion","","","",""
""
"SEAT","SID","SURNAME","PREFNAME","LEVEL","UNITS","CLASS","MAJOR","GRADE","STATUS","EMAIL"
""
"CID","TERM","SUBJ","CRSE","SEC","UNITS"
"32454","200610","ABC","251","18","1"
""
"INSTRUCTOR(S)","TYPE","DAYS","TIME","BUILD","ROOM"
"Cobb, Sophie A.","Discussion","","","",""
""
"SEAT","SID","SURNAME","PREFNAME","LEVEL","UNITS","CLASS","MAJOR","GRADE","STATUS","EMAIL"
""
"CID","TERM","SUBJ","CRSE","SEC","UNITS"
"94907","200610","ABC","251","19","1"
""
"INSTRUCTOR(S)","TYPE","DAYS","TIME","BUILD","ROOM"
"Morris, Evan E.","Discussion","","","",""
""
"SEAT","SID","SURNAME","PREFNAME","LEVEL","UNITS","CLASS","MAJOR","GRADE","STATUS","EMAIL"
""
"CID","TERM","SUBJ","CRSE","SEC","UNITS"
"54799","200610","ABC","251","20","1"
""
"INSTRUCTOR(S)","TYPE","DAYS","TIME","BUILD","ROOM"
"Green, Isabella M.","Discussion","","","",""
""
"SEAT","SID","SURNAME","PREFNAME","LEVEL","UNITS","CLASS","MAJOR","GRADE","STATUS","EMAIL"
""
"CID","TERM","SUBJ","CRSE","SEC","UNITS"
"82196","200610","ABC","251","21","1"
""
"INSTRUCTOR(S)","TYPE","DAYS","TIME","BUILD","ROOM"
"Edwards, Maya N.","Discussion","","","",""
""
"SEAT","SID","SURNAME","PREFNAME","LEVEL","UNITS","CLASS","MAJOR","GRADE","STATUS","EMAIL"
""
"CID","TERM","SUBJ","CRSE","SEC","UNITS"
"44005","200610","ABC","251","22","1"
""
"INSTRUCTOR(S)","TYPE","DAYS","TIME","BUILD","ROOM"
"Moore, Isabella M.","Discussion","","","",""
""
"SEAT","SID","SURNAME","PREFNAME","LEVEL","UNITS","CLASS","MAJOR","GRADE","STATUS","EMAIL"
""
"CID","TERM","SUBJ","CRSE","SEC","UNITS"
"11857","200610","ABC","251","23","1"
""
"INSTRUCTOR(S)","TYPE","DAYS","TIME","BUILD","ROOM"
"Donaldson, Matthew C.","Discussion","","","",""
""
"SEAT","SID","SURNAME","PREFNAME","LEVEL","UNITS","CLASS","MAJOR","GRADE","STATUS","EMAIL"
""
"CID","TERM","SUBJ","CRSE","SEC","UNITS"
"26178","200610","ABC","251","24","1"
""
"INSTRUCTOR(S)","TYPE","DAYS","TIME","BUILD","ROOM"
"Downs, Jesus C.","Discussion","","","",""
""
"SEAT","SID","SURNAME","PREFNAME","LEVEL","UNITS","CLASS","MAJOR","GRADE","STATUS","EMAIL"
""
"CID","TERM","SUBJ","CRSE","SEC","UNITS"
"20887","200610","ABC","251","25","1"
""
"INSTRUCTOR(S)","TYPE","DAYS","TIME","BUILD","ROOM"
"Morales, Victoria E.","Discussion","","","",""
""
"SEAT","SID","SURNAME","PREFNAME","LEVEL","UNITS","CLASS","MAJOR","GRADE","STATUS","EMAIL"
""
"CID","TERM","SUBJ","CRSE","SEC","UNITS"
"49924","200610","ABC","251","26","1"
""
"INSTRUCTOR(S)","TYPE","DAYS","TIME","BUILD","ROOM"
"Rogers, Emma J.","Discussion","","","",""
""
"SEAT","SID","SURNAME","PREFNAME","LEVEL","UNITS","CLASS","MAJOR","GRADE","STATUS","EMAIL"
""
"CID","TERM","SUBJ","CRSE","SEC","UNITS"
"69081","200610","ABC","251","27","1"
""
"INSTRUCTOR(S)","TYPE","DAYS","TIME","BUILD","ROOM"
"Greene, Ryan A.","Discussion","","","",""
""
"SEAT","SID","SURNAME","PREFNAME","LEVEL","UNITS","CLASS","MAJOR","GRADE","STATUS","EMAIL"
""
"CID","TERM","SUBJ","CRSE","SEC","UNITS"
"21450","200610","ABC","251","28","1"
""
"INSTRUCTOR(S)","TYPE","DAYS","TIME","BUILD","ROOM"
"Reeves, Brayden L.","Discussion","","","",""
""
"SEAT","SID","SURNAME","PREFNAME","LEVEL","UNITS","CLASS","MAJOR","GRADE","STATUS","EMAIL"
""
"CID","TERM","SUBJ","CRSE","SEC","UNITS"
"22349","200610","ABC","251","29","1"
""
"INSTRUCTOR(S)","TYPE","DAYS","TIME","BUILD","ROOM"
"Fisher, Caleb K.","Discussion","","","",""
""
"SEAT","SID","SURNAME","PREFNAME","LEVEL","UNITS","CLASS","MAJOR","GRADE","STATUS","EMAIL"
""
"CID","TERM","SUBJ","CRSE","SEC","UNITS"
"64459","200610","ABC","251","30","1"
""
"INSTRUCTOR(S)","TYPE","DAYS","TIME","BUILD","ROOM"
"Davis, Xavier M.","Discussion","","","",""
""
"SEAT","SID","SURNAME","PREFNAME","LEVEL","UNITS","CLASS","MAJOR","GRADE","STATUS","EMAIL"
""
"CID","TERM","SUBJ","CRSE","SEC","UNITS"
"26503","200610","ABC","251","31","1"
""
"INSTRUCTOR(S)","TYPE","DAYS","TIME","BUILD","ROOM"
"Miller, Liam M.","Discussion","","","",""
""
"SEAT","SID","SURNAME","PREFNAME","LEVEL","UNITS","CLASS","MAJOR","GRADE","STATUS","EMAIL"
""
"CID","TERM","SUBJ","CRSE","SEC","UNITS"
"44775","200610","ABC","251","32","1"
""
"INSTRUCTOR(S)","TYPE","DAYS","TIME","BUILD","ROOM"
"White, Jose E.","Discussion","","","",""
""
"SEAT","SID","SURNAME","PREFNAME","LEVEL","UNITS","CLASS","MAJOR","GRADE","STATUS","EMAIL"
""
"CID","TERM","SUBJ","CRSE","SEC","UNITS"
"11363","200610","ABC","251","33","1"
""
"INSTRUCTOR(S)","TYPE","DAYS","TIME","BUILD","ROOM"
"Carpenter, Grace S.","Discussion","","","",""
""
"SEAT","SID","SURNAME","PREFNAME","LEVEL","UNITS","CLASS","MAJOR","GRADE","STATUS","EMAIL"
""
"CID","TERM","SUBJ","CRSE","SEC","UNITS"
"35985","200610","ABC","251","34","1"
""
"INSTRUCTOR(S)","TYPE","DAYS","TIME","BUILD","ROOM"
"Diaz, Michelle H.","Discussion","","","",""
""
"SEAT","SID","SURNAME","PREFNAME","LEVEL","UNITS","CLASS","MAJOR","GRADE","STATUS","EMAIL"
""
"CID","TERM","SUBJ","CRSE","SEC","UNITS"
"55412","200610","ABC","251","35","1"
""
"INSTRUCTOR(S)","TYPE","DAYS","TIME","BUILD","ROOM"
"Parsons, Mia E.","Discussion","","","",""
""
"SEAT","SID","SURNAME","PREFNAME","LEVEL","UNITS","CLASS","MAJOR","GRADE","STATUS","EMAIL"
""
"CID","TERM","SUBJ","CRSE","SEC","UNITS"
"71762","200610","ABC","251","36","1"
""
"INSTRUCTOR(S)","TYPE","DAYS","TIME","BUILD","ROOM"
"Carpenter, Samantha J.","Discussion","","","",""
""
"SEAT","SID","SURNAME","PREFNAME","LEVEL","UNITS","CLASS","MAJOR","GRADE","STATUS","EMAIL"
""
"CID","TERM","SUBJ","CRSE","SEC","UNITS"
"56703","200610","ABC","251","37","1"
""
"INSTRUCTOR(S)","TYPE","DAYS","TIME","BUILD","ROOM"
"Hill, Melody B.","Discussion","","","",""
""
"SEAT","SID","SURNAME","PREFNAME","LEVEL","UNITS","CLASS","MAJOR","GRADE","STATUS","EMAIL"
""
"CID","TERM","SUBJ","CRSE","SEC","UNITS"
"33827","200610","ABC","251","38","1"
""
"INSTRUCTOR(S)","TYPE","DAYS","TIME","BUILD","ROOM"
"","Discussion","","","",""
""
"SEAT","SID","SURNAME","PREFNAME","LEVEL","UNITS","CLASS","MAJOR","GRADE","STATUS","EMAIL"
""
"CID","TERM","SUBJ","CRSE","SEC","UNITS"
"32027","200610","ABC","251","39","1"
""
"INSTRUCTOR(S)","TYPE","DAYS","TIME","BUILD","ROOM"
"","Discussion","","","",""
""
"SEAT","SID","SURNAME","PREFNAME","LEVEL","UNITS","CLASS","MAJOR","GRADE","STATUS","EMAIL"
""
"CID","TERM","SUBJ","CRSE","SEC","UNITS"
"52644","200610","ABC","251","40","1"
""
"INSTRUCTOR(S)","TYPE","DAYS","TIME","BUILD","ROOM"
"","Discussion","","","",""
""
"SEAT","SID","SURNAME","PREFNAME","LEVEL","UNITS","CLASS","MAJOR","GRADE","STATUS","EMAIL"
""
"CID","TERM","SUBJ","CRSE","SEC","UNITS"
"13824","200610","ABC","251","41","1"
""
"INSTRUCTOR(S)","TYPE","DAYS","TIME","BUILD","ROOM"
"","Discussion","","","",""
""
"SEAT","SID","SURNAME","PREFNAME","LEVEL","UNITS","CLASS","MAJOR","GRADE","STATUS","EMAIL"
""
"CID","TERM","SUBJ","CRSE","SEC","UNITS"
"75409","200610","ABC","251","42","1"
""
"INSTRUCTOR(S)","TYPE","DAYS","TIME","BUILD","ROOM"
"Witt, Noah A.","Discussion","","","",""
""
"SEAT","SID","SURNAME","PREFNAME","LEVEL","UNITS","CLASS","MAJOR","GRADE","STATUS","EMAIL"
""
"CID","TERM","SUBJ","CRSE","SEC","UNITS"
"21731","200610","ABC","253","0","1.000 - 5.000"
""
"INSTRUCTOR(S)","TYPE","DAYS","TIME","BUILD","ROOM"
"","Internship","","","",""
""
"SEAT","SID","SURNAME","PREFNAME","LEVEL","UNITS","CLASS","MAJOR","GRADE","STATUS","EMAIL"
""
"CID","TERM","SUBJ","CRSE","SEC","UNITS"
"66122","200610","ABC","253","1","1.000 - 5.000"
""
"INSTRUCTOR(S)","TYPE","DAYS","TIME","BUILD","ROOM"
"","Internship","","","",""
""
"SEAT","SID","SURNAME","PREFNAME","LEVEL","UNITS","CLASS","MAJOR","GRADE","STATUS","EMAIL"
""
"CID","TERM","SUBJ","CRSE","SEC","UNITS"
"54037","200610","ABC","253","2","1.000 - 5.000"
""
"INSTRUCTOR(S)","TYPE","DAYS","TIME","BUILD","ROOM"
"Perry, Katherine V.","Internship","","","",""
""
"SEAT","SID","SURNAME","PREFNAME","LEVEL","UNITS","CLASS","MAJOR","GRADE","STATUS","EMAIL"
""
"CID","TERM","SUBJ","CRSE","SEC","UNITS"
"27045","200610","ABC","253","3","1.000 - 5.000"
""
"INSTRUCTOR(S)","TYPE","DAYS","TIME","BUILD","ROOM"
"Sullivan, Jordan H.","Internship","","","",""
""
"SEAT","SID","SURNAME","PREFNAME","LEVEL","UNITS","CLASS","MAJOR","GRADE","STATUS","EMAIL"
""
"CID","TERM","SUBJ","CRSE","SEC","UNITS"
"92602","200610","ABC","253","4","1.000 - 5.000"
""
"INSTRUCTOR(S)","TYPE","DAYS","TIME","BUILD","ROOM"
"Herring, Nathan L.","Internship","","","",""
""
"SEAT","SID","SURNAME","PREFNAME","LEVEL","UNITS","CLASS","MAJOR","GRADE","STATUS","EMAIL"
""
"CID","TERM","SUBJ","CRSE","SEC","UNITS"
"11662","200610","ABC","253","5","1.000 - 5.000"
""
"INSTRUCTOR(S)","TYPE","DAYS","TIME","BUILD","ROOM"
"Bennett, Henry A.","Internship","","","",""
""
"SEAT","SID","SURNAME","PREFNAME","LEVEL","UNITS","CLASS","MAJOR","GRADE","STATUS","EMAIL"
""
"CID","TERM","SUBJ","CRSE","SEC","UNITS"
"77828","200610","ABC","253","6","1.000 - 5.000"
""
"INSTRUCTOR(S)","TYPE","DAYS","TIME","BUILD","ROOM"
"Olson, Jennifer D.","Internship","","","",""
""
"SEAT","SID","SURNAME","PREFNAME","LEVEL","UNITS","CLASS","MAJOR","GRADE","STATUS","EMAIL"
"1","145837297","Smith","Benjamin","UG","4","SR","ABC1","P","RE","benjamin.c.smith1@fakeu.edu"
"2","708652696","Brock","Avery","UG","4","SR","DEF2","P","RE","avery.e.brock@fakeu.edu"
"3","121940241","Perez","Abigail","UG","3","SR","ABC1","P","RE","abigail.e.perez@fakeu.edu"
""
"CID","TERM","SUBJ","CRSE","SEC","UNITS"
"97554","200610","ABC","253","7","1.000 - 5.000"
""
"INSTRUCTOR(S)","TYPE","DAYS","TIME","BUILD","ROOM"
"Hayden, Ryan L.","Internship","","","",""
""
"SEAT","SID","SURNAME","PREFNAME","LEVEL","UNITS","CLASS","MAJOR","GRADE","STATUS","EMAIL"
""
"CID","TERM","SUBJ","CRSE","SEC","UNITS"
"96563","200610","ABC","253","8","1.000 - 5.000"
""
"INSTRUCTOR(S)","TYPE","DAYS","TIME","BUILD","ROOM"
"Battle, Gianna M.","Internship","","","",""
""
"SEAT","SID","SURNAME","PREFNAME","LEVEL","UNITS","CLASS","MAJOR","GRADE","STATUS","EMAIL"
""
"CID","TERM","SUBJ","CRSE","SEC","UNITS"
"67555","200610","ABC","253","9","1.000 - 5.000"
""
"INSTRUCTOR(S)","TYPE","DAYS","TIME","BUILD","ROOM"
"Cox, Jayden L.","Internship","","","",""
""
"SEAT","SID","SURNAME","PREFNAME","LEVEL","UNITS","CLASS","MAJOR","GRADE","STATUS","EMAIL"
""
"CID","TERM","SUBJ","CRSE","SEC","UNITS"
"53128","200610","ABC","253","10","1.000 - 5.000"
""
"INSTRUCTOR(S)","TYPE","DAYS","TIME","BUILD","ROOM"
"Johnson, Abigail N.","Internship","","","",""
""
"SEAT","SID","SURNAME","PREFNAME","LEVEL","UNITS","CLASS","MAJOR","GRADE","STATUS","EMAIL"
""
"CID","TERM","SUBJ","CRSE","SEC","UNITS"
"38588","200610","ABC","253","11","1.000 - 5.000"
""
"INSTRUCTOR(S)","TYPE","DAYS","TIME","BUILD","ROOM"
"Reese, Ryan X.","Internship","","","",""
""
"SEAT","SID","SURNAME","PREFNAME","LEVEL","UNITS","CLASS","MAJOR","GRADE","STATUS","EMAIL"
""
"CID","TERM","SUBJ","CRSE","SEC","UNITS"
"89363","200610","ABC","253","12","1.000 - 5.000"
""
"INSTRUCTOR(S)","TYPE","DAYS","TIME","BUILD","ROOM"
"Larsen, Ava S.","Internship","","","",""
""
"SEAT","SID","SURNAME","PREFNAME","LEVEL","UNITS","CLASS","MAJOR","GRADE","STATUS","EMAIL"
""
"CID","TERM","SUBJ","CRSE","SEC","UNITS"
"38331","200610","ABC","253","13","1.000 - 5.000"
""
"INSTRUCTOR(S)","TYPE","DAYS","TIME","BUILD","ROOM"
"Snyder, Samantha R.","Internship","","","",""
""
"SEAT","SID","SURNAME","PREFNAME","LEVEL","UNITS","CLASS","MAJOR","GRADE","STATUS","EMAIL"
""
"CID","TERM","SUBJ","CRSE","SEC","UNITS"
"86233","200610","ABC","253","14","1.000 - 5.000"
""
"INSTRUCTOR(S)","TYPE","DAYS","TIME","BUILD","ROOM"
"Williams, Juan L.","Internship","","","",""
""
"SEAT","SID","SURNAME","PREFNAME","LEVEL","UNITS","CLASS","MAJOR","GRADE","STATUS","EMAIL"
""
"CID","TERM","SUBJ","CRSE","SEC","UNITS"
"75239","200610","ABC","253","15","1.000 - 5.000"
""
"INSTRUCTOR(S)","TYPE","DAYS","TIME","BUILD","ROOM"
"Parker, Alejandro G.","Internship","","","",""
""
"SEAT","SID","SURNAME","PREFNAME","LEVEL","UNITS","CLASS","MAJOR","GRADE","STATUS","EMAIL"
""
"CID","TERM","SUBJ","CRSE","SEC","UNITS"
"16748","200610","ABC","253","16","1.000 - 5.000"
""
"INSTRUCTOR(S)","TYPE","DAYS","TIME","BUILD","ROOM"
"Cox, Ayden C.","Internship","","","",""
""
"SEAT","SID","SURNAME","PREFNAME","LEVEL","UNITS","CLASS","MAJOR","GRADE","STATUS","EMAIL"
"1","252319934","Stevens","Madison","UG","5","SR","ABC1","P","RE","madison.j.stevens@fakeu.edu"
""
"CID","TERM","SUBJ","CRSE","SEC","UNITS"
"25682","200610","ABC","253","17","1.000 - 5.000"
""
"INSTRUCTOR(S)","TYPE","DAYS","TIME","BUILD","ROOM"
"Rutledge, Ashley B.","Internship","","","",""
""
"SEAT","SID","SURNAME","PREFNAME","LEVEL","UNITS","CLASS","MAJOR","GRADE","STATUS","EMAIL"
""
"CID","TERM","SUBJ","CRSE","SEC","UNITS"
"31156","200610","ABC","253","18","1.000 - 5.000"
""
"INSTRUCTOR(S)","TYPE","DAYS","TIME","BUILD","ROOM"
"Cobb, Sophie A.","Internship","","","",""
""
"SEAT","SID","SURNAME","PREFNAME","LEVEL","UNITS","CLASS","MAJOR","GRADE","STATUS","EMAIL"
""
"CID","TERM","SUBJ","CRSE","SEC","UNITS"
"53168","200610","ABC","253","19","1.000 - 5.000"
""
"INSTRUCTOR(S)","TYPE","DAYS","TIME","BUILD","ROOM"
"Morris, Evan E.","Internship","","","",""
""
"SEAT","SID","SURNAME","PREFNAME","LEVEL","UNITS","CLASS","MAJOR","GRADE","STATUS","EMAIL"
""
"CID","TERM","SUBJ","CRSE","SEC","UNITS"
"16009","200610","ABC","253","20","1.000 - 5.000"
""
"INSTRUCTOR(S)","TYPE","DAYS","TIME","BUILD","ROOM"
"Green, Isabella M.","Internship","","","",""
""
"SEAT","SID","SURNAME","PREFNAME","LEVEL","UNITS","CLASS","MAJOR","GRADE","STATUS","EMAIL"
""
"CID","TERM","SUBJ","CRSE","SEC","UNITS"
"32843","200610","ABC","253","21","1.000 - 5.000"
""
"INSTRUCTOR(S)","TYPE","DAYS","TIME","BUILD","ROOM"
"Edwards, Maya N.","Internship","","","",""
""
"SEAT","SID","SURNAME","PREFNAME","LEVEL","UNITS","CLASS","MAJOR","GRADE","STATUS","EMAIL"
""
"CID","TERM","SUBJ","CRSE","SEC","UNITS"
"74182","200610","ABC","253","22","1.000 - 5.000"
""
"INSTRUCTOR(S)","TYPE","DAYS","TIME","BUILD","ROOM"
"Moore, Isabella M.","Internship","","","",""
""
"SEAT","SID","SURNAME","PREFNAME","LEVEL","UNITS","CLASS","MAJOR","GRADE","STATUS","EMAIL"
""
"CID","TERM","SUBJ","CRSE","SEC","UNITS"
"58960","200610","ABC","253","23","1.000 - 5.000"
""
"INSTRUCTOR(S)","TYPE","DAYS","TIME","BUILD","ROOM"
"Donaldson, Matthew C.","Internship","","","",""
""
"SEAT","SID","SURNAME","PREFNAME","LEVEL","UNITS","CLASS","MAJOR","GRADE","STATUS","EMAIL"
""
"CID","TERM","SUBJ","CRSE","SEC","UNITS"
"86294","200610","ABC","253","24","1.000 - 5.000"
""
"INSTRUCTOR(S)","TYPE","DAYS","TIME","BUILD","ROOM"
"Downs, Jesus C.","Internship","","","",""
""
"SEAT","SID","SURNAME","PREFNAME","LEVEL","UNITS","CLASS","MAJOR","GRADE","STATUS","EMAIL"
""
"CID","TERM","SUBJ","CRSE","SEC","UNITS"
"70251","200610","ABC","253","25","1.000 - 5.000"
""
"INSTRUCTOR(S)","TYPE","DAYS","TIME","BUILD","ROOM"
"Morales, Victoria E.","Internship","","","",""
""
"SEAT","SID","SURNAME","PREFNAME","LEVEL","UNITS","CLASS","MAJOR","GRADE","STATUS","EMAIL"
""
"CID","TERM","SUBJ","CRSE","SEC","UNITS"
"26250","200610","ABC","253","26","1.000 - 5.000"
""
"INSTRUCTOR(S)","TYPE","DAYS","TIME","BUILD","ROOM"
"Rogers, Emma J.","Internship","","","",""
""
"SEAT","SID","SURNAME","PREFNAME","LEVEL","UNITS","CLASS","MAJOR","GRADE","STATUS","EMAIL"
""
"CID","TERM","SUBJ","CRSE","SEC","UNITS"
"66701","200610","ABC","253","27","1.000 - 5.000"
""
"INSTRUCTOR(S)","TYPE","DAYS","TIME","BUILD","ROOM"
"Vinson, Dominic A.","Internship","","","",""
""
"SEAT","SID","SURNAME","PREFNAME","LEVEL","UNITS","CLASS","MAJOR","GRADE","STATUS","EMAIL"
""
"CID","TERM","SUBJ","CRSE","SEC","UNITS"
"68830","200610","ABC","253","28","1.000 - 5.000"
""
"INSTRUCTOR(S)","TYPE","DAYS","TIME","BUILD","ROOM"
"Reeves, Brayden L.","Internship","","","",""
""
"SEAT","SID","SURNAME","PREFNAME","LEVEL","UNITS","CLASS","MAJOR","GRADE","STATUS","EMAIL"
""
"CID","TERM","SUBJ","CRSE","SEC","UNITS"
"91287","200610","ABC","253","29","1.000 - 5.000"
""
"INSTRUCTOR(S)","TYPE","DAYS","TIME","BUILD","ROOM"
"Fisher, Caleb K.","Internship","","","",""
""
"SEAT","SID","SURNAME","PREFNAME","LEVEL","UNITS","CLASS","MAJOR","GRADE","STATUS","EMAIL"
""
"CID","TERM","SUBJ","CRSE","SEC","UNITS"
"69633","200610","ABC","253","30","1.000 - 5.000"
""
"INSTRUCTOR(S)","TYPE","DAYS","TIME","BUILD","ROOM"
"Davis, Xavier M.","Internship","","","",""
""
"SEAT","SID","SURNAME","PREFNAME","LEVEL","UNITS","CLASS","MAJOR","GRADE","STATUS","EMAIL"
""
"CID","TERM","SUBJ","CRSE","SEC","UNITS"
"79315","200610","ABC","253","31","1.000 - 5.000"
""
"INSTRUCTOR(S)","TYPE","DAYS","TIME","BUILD","ROOM"
"Miller, Liam M.","Internship","","","",""
""
"SEAT","SID","SURNAME","PREFNAME","LEVEL","UNITS","CLASS","MAJOR","GRADE","STATUS","EMAIL"
"1","347313927","Lambert","Olivia","UG","4","SR","OTH8","P","RE","olivia.a.lambert@fakeu.edu"
""
"CID","TERM","SUBJ","CRSE","SEC","UNITS"
"76236","200610","ABC","253","32","1.000 - 5.000"
""
"INSTRUCTOR(S)","TYPE","DAYS","TIME","BUILD","ROOM"
"White, Jose E.","Internship","","","",""
""
"SEAT","SID","SURNAME","PREFNAME","LEVEL","UNITS","CLASS","MAJOR","GRADE","STATUS","EMAIL"
""
"CID","TERM","SUBJ","CRSE","SEC","UNITS"
"70826","200610","ABC","253","33","1.000 - 5.000"
""
"INSTRUCTOR(S)","TYPE","DAYS","TIME","BUILD","ROOM"
"Carpenter, Grace S.","Internship","","","",""
""
"SEAT","SID","SURNAME","PREFNAME","LEVEL","UNITS","CLASS","MAJOR","GRADE","STATUS","EMAIL"
""
"CID","TERM","SUBJ","CRSE","SEC","UNITS"
"82609","200610","ABC","253","34","1.000 - 5.000"
""
"INSTRUCTOR(S)","TYPE","DAYS","TIME","BUILD","ROOM"
"Diaz, Michelle H.","Internship","","","",""
""
"SEAT","SID","SURNAME","PREFNAME","LEVEL","UNITS","CLASS","MAJOR","GRADE","STATUS","EMAIL"
""
"CID","TERM","SUBJ","CRSE","SEC","UNITS"
"28773","200610","ABC","253","35","1.000 - 5.000"
""
"INSTRUCTOR(S)","TYPE","DAYS","TIME","BUILD","ROOM"
"Parsons, Mia E.","Internship","","","",""
""
"SEAT","SID","SURNAME","PREFNAME","LEVEL","UNITS","CLASS","MAJOR","GRADE","STATUS","EMAIL"
""
"CID","TERM","SUBJ","CRSE","SEC","UNITS"
"87538","200610","ABC","253","36","1.000 - 5.000"
""
"INSTRUCTOR(S)","TYPE","DAYS","TIME","BUILD","ROOM"
"Carpenter, Samantha J.","Internship","","","",""
""
"SEAT","SID","SURNAME","PREFNAME","LEVEL","UNITS","CLASS","MAJOR","GRADE","STATUS","EMAIL"
""
"CID","TERM","SUBJ","CRSE","SEC","UNITS"
"90573","200610","ABC","253","37","1.000 - 5.000"
""
"INSTRUCTOR(S)","TYPE","DAYS","TIME","BUILD","ROOM"
"Hill, Melody B.","Internship","","","",""
""
"SEAT","SID","SURNAME","PREFNAME","LEVEL","UNITS","CLASS","MAJOR","GRADE","STATUS","EMAIL"
""
"CID","TERM","SUBJ","CRSE","SEC","UNITS"
"69772","200610","ABC","253","38","1.000 - 5.000"
""
"INSTRUCTOR(S)","TYPE","DAYS","TIME","BUILD","ROOM"
"","Internship","","","",""
""
"SEAT","SID","SURNAME","PREFNAME","LEVEL","UNITS","CLASS","MAJOR","GRADE","STATUS","EMAIL"
""
"CID","TERM","SUBJ","CRSE","SEC","UNITS"
"58645","200610","ABC","253","39","1.000 - 5.000"
""
"INSTRUCTOR(S)","TYPE","DAYS","TIME","BUILD","ROOM"
"","Internship","","","",""
""
"SEAT","SID","SURNAME","PREFNAME","LEVEL","UNITS","CLASS","MAJOR","GRADE","STATUS","EMAIL"
""
"CID","TERM","SUBJ","CRSE","SEC","UNITS"
"56685","200610","ABC","253","40","1.000 - 5.000"
""
"INSTRUCTOR(S)","TYPE","DAYS","TIME","BUILD","ROOM"
"","Internship","","","",""
""
"SEAT","SID","SURNAME","PREFNAME","LEVEL","UNITS","CLASS","MAJOR","GRADE","STATUS","EMAIL"
""
"CID","TERM","SUBJ","CRSE","SEC","UNITS"
"43567","200610","ABC","253","41","1.000 - 5.000"
""
"INSTRUCTOR(S)","TYPE","DAYS","TIME","BUILD","ROOM"
"","Internship","","","",""
""
"SEAT","SID","SURNAME","PREFNAME","LEVEL","UNITS","CLASS","MAJOR","GRADE","STATUS","EMAIL"
""
"CID","TERM","SUBJ","CRSE","SEC","UNITS"
"68198","200610","ABC","253","42","1.000 - 5.000"
""
"INSTRUCTOR(S)","TYPE","DAYS","TIME","BUILD","ROOM"
"Witt, Noah A.","Internship","","","",""
""
"SEAT","SID","SURNAME","PREFNAME","LEVEL","UNITS","CLASS","MAJOR","GRADE","STATUS","EMAIL"
""
"CID","TERM","SUBJ","CRSE","SEC","UNITS"
"12442","200610","ABC","257","0","2.000 - 3.000"
""
"INSTRUCTOR(S)","TYPE","DAYS","TIME","BUILD","ROOM"
"","Tutorial","","","",""
""
"SEAT","SID","SURNAME","PREFNAME","LEVEL","UNITS","CLASS","MAJOR","GRADE","STATUS","EMAIL"
""
"CID","TERM","SUBJ","CRSE","SEC","UNITS"
"27414","200610","ABC","257","1","2.000 - 3.000"
""
"INSTRUCTOR(S)","TYPE","DAYS","TIME","BUILD","ROOM"
"Diaz, Michelle H.","Tutorial","","","",""
""
"SEAT","SID","SURNAME","PREFNAME","LEVEL","UNITS","CLASS","MAJOR","GRADE","STATUS","EMAIL"
""
"CID","TERM","SUBJ","CRSE","SEC","UNITS"
"46188","200610","ABC","256","0","1.000 - 5.000"
""
"INSTRUCTOR(S)","TYPE","DAYS","TIME","BUILD","ROOM"
"","Variable","","","",""
""
"SEAT","SID","SURNAME","PREFNAME","LEVEL","UNITS","CLASS","MAJOR","GRADE","STATUS","EMAIL"
""
"CID","TERM","SUBJ","CRSE","SEC","UNITS"
"25167","200610","ABC","256","1","1.000 - 5.000"
""
"INSTRUCTOR(S)","TYPE","DAYS","TIME","BUILD","ROOM"
"","Variable","","","",""
""
"SEAT","SID","SURNAME","PREFNAME","LEVEL","UNITS","CLASS","MAJOR","GRADE","STATUS","EMAIL"
""
"CID","TERM","SUBJ","CRSE","SEC","UNITS"
"33221","200610","ABC","256","2","1.000 - 5.000"
""
"INSTRUCTOR(S)","TYPE","DAYS","TIME","BUILD","ROOM"
"Perry, Katherine V.","Variable","","","",""
""
"SEAT","SID","SURNAME","PREFNAME","LEVEL","UNITS","CLASS","MAJOR","GRADE","STATUS","EMAIL"
""
"CID","TERM","SUBJ","CRSE","SEC","UNITS"
"57115","200610","ABC","256","3","1.000 - 5.000"
""
"INSTRUCTOR(S)","TYPE","DAYS","TIME","BUILD","ROOM"
"Sullivan, Jordan H.","Variable","","","",""
""
"SEAT","SID","SURNAME","PREFNAME","LEVEL","UNITS","CLASS","MAJOR","GRADE","STATUS","EMAIL"
""
"CID","TERM","SUBJ","CRSE","SEC","UNITS"
"12273","200610","ABC","256","4","1.000 - 5.000"
""
"INSTRUCTOR(S)","TYPE","DAYS","TIME","BUILD","ROOM"
"Herring, Nathan L.","Variable","","","",""
""
"SEAT","SID","SURNAME","PREFNAME","LEVEL","UNITS","CLASS","MAJOR","GRADE","STATUS","EMAIL"
""
"CID","TERM","SUBJ","CRSE","SEC","UNITS"
"97271","200610","ABC","256","5","1.000 - 5.000"
""
"INSTRUCTOR(S)","TYPE","DAYS","TIME","BUILD","ROOM"
"Bennett, Henry A.","Variable","","","",""
""
"SEAT","SID","SURNAME","PREFNAME","LEVEL","UNITS","CLASS","MAJOR","GRADE","STATUS","EMAIL"
""
"CID","TERM","SUBJ","CRSE","SEC","UNITS"
"51661","200610","ABC","256","6","1.000 - 5.000"
""
"INSTRUCTOR(S)","TYPE","DAYS","TIME","BUILD","ROOM"
"Olson, Jennifer D.","Variable","","","",""
""
"SEAT","SID","SURNAME","PREFNAME","LEVEL","UNITS","CLASS","MAJOR","GRADE","STATUS","EMAIL"
""
"CID","TERM","SUBJ","CRSE","SEC","UNITS"
"27837","200610","ABC","256","7","1.000 - 5.000"
""
"INSTRUCTOR(S)","TYPE","DAYS","TIME","BUILD","ROOM"
"Hayden, Ryan L.","Variable","","","",""
""
"SEAT","SID","SURNAME","PREFNAME","LEVEL","UNITS","CLASS","MAJOR","GRADE","STATUS","EMAIL"
""
"CID","TERM","SUBJ","CRSE","SEC","UNITS"
"30757","200610","ABC","256","8","1.000 - 5.000"
""
"INSTRUCTOR(S)","TYPE","DAYS","TIME","BUILD","ROOM"
"Battle, Gianna M.","Variable","","","",""
""
"SEAT","SID","SURNAME","PREFNAME","LEVEL","UNITS","CLASS","MAJOR","GRADE","STATUS","EMAIL"
""
"CID","TERM","SUBJ","CRSE","SEC","UNITS"
"35338","200610","ABC","256","9","1.000 - 5.000"
""
"INSTRUCTOR(S)","TYPE","DAYS","TIME","BUILD","ROOM"
"Cox, Jayden L.","Variable","","","",""
""
"SEAT","SID","SURNAME","PREFNAME","LEVEL","UNITS","CLASS","MAJOR","GRADE","STATUS","EMAIL"
""
"CID","TERM","SUBJ","CRSE","SEC","UNITS"
"75447","200610","ABC","256","10","1.000 - 5.000"
""
"INSTRUCTOR(S)","TYPE","DAYS","TIME","BUILD","ROOM"
"Johnson, Abigail N.","Variable","","","",""
""
"SEAT","SID","SURNAME","PREFNAME","LEVEL","UNITS","CLASS","MAJOR","GRADE","STATUS","EMAIL"
""
"CID","TERM","SUBJ","CRSE","SEC","UNITS"
"18616","200610","ABC","256","11","1.000 - 5.000"
""
"INSTRUCTOR(S)","TYPE","DAYS","TIME","BUILD","ROOM"
"Reese, Ryan X.","Variable","","","",""
""
"SEAT","SID","SURNAME","PREFNAME","LEVEL","UNITS","CLASS","MAJOR","GRADE","STATUS","EMAIL"
""
"CID","TERM","SUBJ","CRSE","SEC","UNITS"
"52230","200610","ABC","256","12","1.000 - 5.000"
""
"INSTRUCTOR(S)","TYPE","DAYS","TIME","BUILD","ROOM"
"Larsen, Ava S.","Variable","","","",""
""
"SEAT","SID","SURNAME","PREFNAME","LEVEL","UNITS","CLASS","MAJOR","GRADE","STATUS","EMAIL"
""
"CID","TERM","SUBJ","CRSE","SEC","UNITS"
"55390","200610","ABC","256","13","1.000 - 5.000"
""
"INSTRUCTOR(S)","TYPE","DAYS","TIME","BUILD","ROOM"
"Snyder, Samantha R.","Variable","","","",""
""
"SEAT","SID","SURNAME","PREFNAME","LEVEL","UNITS","CLASS","MAJOR","GRADE","STATUS","EMAIL"
""
"CID","TERM","SUBJ","CRSE","SEC","UNITS"
"75872","200610","ABC","256","14","1.000 - 5.000"
""
"INSTRUCTOR(S)","TYPE","DAYS","TIME","BUILD","ROOM"
"Williams, Juan L.","Variable","","","",""
""
"SEAT","SID","SURNAME","PREFNAME","LEVEL","UNITS","CLASS","MAJOR","GRADE","STATUS","EMAIL"
""
"CID","TERM","SUBJ","CRSE","SEC","UNITS"
"78522","200610","ABC","256","15","1.000 - 5.000"
""
"INSTRUCTOR(S)","TYPE","DAYS","TIME","BUILD","ROOM"
"Parker, Alejandro G.","Variable","","","",""
""
"SEAT","SID","SURNAME","PREFNAME","LEVEL","UNITS","CLASS","MAJOR","GRADE","STATUS","EMAIL"
""
"CID","TERM","SUBJ","CRSE","SEC","UNITS"
"95521","200610","ABC","256","16","1.000 - 5.000"
""
"INSTRUCTOR(S)","TYPE","DAYS","TIME","BUILD","ROOM"
"Cox, Ayden C.","Variable","","","",""
""
"SEAT","SID","SURNAME","PREFNAME","LEVEL","UNITS","CLASS","MAJOR","GRADE","STATUS","EMAIL"
""
"CID","TERM","SUBJ","CRSE","SEC","UNITS"
"17548","200610","ABC","256","17","1.000 - 5.000"
""
"INSTRUCTOR(S)","TYPE","DAYS","TIME","BUILD","ROOM"
"Rutledge, Ashley B.","Variable","","","",""
""
"SEAT","SID","SURNAME","PREFNAME","LEVEL","UNITS","CLASS","MAJOR","GRADE","STATUS","EMAIL"
""
"CID","TERM","SUBJ","CRSE","SEC","UNITS"
"86454","200610","ABC","256","18","1.000 - 5.000"
""
"INSTRUCTOR(S)","TYPE","DAYS","TIME","BUILD","ROOM"
"Cobb, Sophie A.","Variable","","","",""
""
"SEAT","SID","SURNAME","PREFNAME","LEVEL","UNITS","CLASS","MAJOR","GRADE","STATUS","EMAIL"
""
"CID","TERM","SUBJ","CRSE","SEC","UNITS"
"59876","200610","ABC","256","19","1.000 - 5.000"
""
"INSTRUCTOR(S)","TYPE","DAYS","TIME","BUILD","ROOM"
"Morris, Evan E.","Variable","","","",""
""
"SEAT","SID","SURNAME","PREFNAME","LEVEL","UNITS","CLASS","MAJOR","GRADE","STATUS","EMAIL"
""
"CID","TERM","SUBJ","CRSE","SEC","UNITS"
"20439","200610","ABC","256","20","1.000 - 5.000"
""
"INSTRUCTOR(S)","TYPE","DAYS","TIME","BUILD","ROOM"
"Green, Isabella M.","Variable","","","",""
""
"SEAT","SID","SURNAME","PREFNAME","LEVEL","UNITS","CLASS","MAJOR","GRADE","STATUS","EMAIL"
""
"CID","TERM","SUBJ","CRSE","SEC","UNITS"
"61386","200610","ABC","256","21","1.000 - 5.000"
""
"INSTRUCTOR(S)","TYPE","DAYS","TIME","BUILD","ROOM"
"Edwards, Maya N.","Variable","","","",""
""
"SEAT","SID","SURNAME","PREFNAME","LEVEL","UNITS","CLASS","MAJOR","GRADE","STATUS","EMAIL"
""
"CID","TERM","SUBJ","CRSE","SEC","UNITS"
"36613","200610","ABC","256","22","1.000 - 5.000"
""
"INSTRUCTOR(S)","TYPE","DAYS","TIME","BUILD","ROOM"
"Moore, Isabella M.","Variable","","","",""
""
"SEAT","SID","SURNAME","PREFNAME","LEVEL","UNITS","CLASS","MAJOR","GRADE","STATUS","EMAIL"
""
"CID","TERM","SUBJ","CRSE","SEC","UNITS"
"97852","200610","ABC","256","23","1.000 - 5.000"
""
"INSTRUCTOR(S)","TYPE","DAYS","TIME","BUILD","ROOM"
"Donaldson, Matthew C.","Variable","","","",""
""
"SEAT","SID","SURNAME","PREFNAME","LEVEL","UNITS","CLASS","MAJOR","GRADE","STATUS","EMAIL"
""
"CID","TERM","SUBJ","CRSE","SEC","UNITS"
"33887","200610","ABC","256","24","1.000 - 5.000"
""
"INSTRUCTOR(S)","TYPE","DAYS","TIME","BUILD","ROOM"
"Downs, Jesus C.","Variable","","","",""
""
"SEAT","SID","SURNAME","PREFNAME","LEVEL","UNITS","CLASS","MAJOR","GRADE","STATUS","EMAIL"
""
"CID","TERM","SUBJ","CRSE","SEC","UNITS"
"78368","200610","ABC","256","25","1.000 - 5.000"
""
"INSTRUCTOR(S)","TYPE","DAYS","TIME","BUILD","ROOM"
"Morales, Victoria E.","Variable","","","",""
""
"SEAT","SID","SURNAME","PREFNAME","LEVEL","UNITS","CLASS","MAJOR","GRADE","STATUS","EMAIL"
""
"CID","TERM","SUBJ","CRSE","SEC","UNITS"
"87259","200610","ABC","256","26","1.000 - 5.000"
""
"INSTRUCTOR(S)","TYPE","DAYS","TIME","BUILD","ROOM"
"Rogers, Emma J.","Variable","","","",""
""
"SEAT","SID","SURNAME","PREFNAME","LEVEL","UNITS","CLASS","MAJOR","GRADE","STATUS","EMAIL"
""
"CID","TERM","SUBJ","CRSE","SEC","UNITS"
"55410","200610","ABC","256","27","1.000 - 5.000"
""
"INSTRUCTOR(S)","TYPE","DAYS","TIME","BUILD","ROOM"
"Vinson, Dominic A.","Variable","","","",""
""
"SEAT","SID","SURNAME","PREFNAME","LEVEL","UNITS","CLASS","MAJOR","GRADE","STATUS","EMAIL"
""
"CID","TERM","SUBJ","CRSE","SEC","UNITS"
"62768","200610","ABC","256","28","1.000 - 5.000"
""
"INSTRUCTOR(S)","TYPE","DAYS","TIME","BUILD","ROOM"
"Reeves, Brayden L.","Variable","","","",""
""
"SEAT","SID","SURNAME","PREFNAME","LEVEL","UNITS","CLASS","MAJOR","GRADE","STATUS","EMAIL"
""
"CID","TERM","SUBJ","CRSE","SEC","UNITS"
"45111","200610","ABC","256","29","1.000 - 5.000"
""
"INSTRUCTOR(S)","TYPE","DAYS","TIME","BUILD","ROOM"
"Fisher, Caleb K.","Variable","","","",""
""
"SEAT","SID","SURNAME","PREFNAME","LEVEL","UNITS","CLASS","MAJOR","GRADE","STATUS","EMAIL"
""
"CID","TERM","SUBJ","CRSE","SEC","UNITS"
"73555","200610","ABC","256","30","1.000 - 5.000"
""
"INSTRUCTOR(S)","TYPE","DAYS","TIME","BUILD","ROOM"
"Davis, Xavier M.","Variable","","","",""
""
"SEAT","SID","SURNAME","PREFNAME","LEVEL","UNITS","CLASS","MAJOR","GRADE","STATUS","EMAIL"
""
"CID","TERM","SUBJ","CRSE","SEC","UNITS"
"72183","200610","ABC","256","31","1.000 - 5.000"
""
"INSTRUCTOR(S)","TYPE","DAYS","TIME","BUILD","ROOM"
"Miller, Liam M.","Variable","","","",""
""
"SEAT","SID","SURNAME","PREFNAME","LEVEL","UNITS","CLASS","MAJOR","GRADE","STATUS","EMAIL"
""
"CID","TERM","SUBJ","CRSE","SEC","UNITS"
"26764","200610","ABC","256","32","1.000 - 5.000"
""
"INSTRUCTOR(S)","TYPE","DAYS","TIME","BUILD","ROOM"
"White, Jose E.","Variable","","","",""
""
"SEAT","SID","SURNAME","PREFNAME","LEVEL","UNITS","CLASS","MAJOR","GRADE","STATUS","EMAIL"
""
"CID","TERM","SUBJ","CRSE","SEC","UNITS"
"75908","200610","ABC","256","33","1.000 - 5.000"
""
"INSTRUCTOR(S)","TYPE","DAYS","TIME","BUILD","ROOM"
"Carpenter, Grace S.","Variable","","","",""
""
"SEAT","SID","SURNAME","PREFNAME","LEVEL","UNITS","CLASS","MAJOR","GRADE","STATUS","EMAIL"
""
"CID","TERM","SUBJ","CRSE","SEC","UNITS"
"87011","200610","ABC","256","34","1.000 - 5.000"
""
"INSTRUCTOR(S)","TYPE","DAYS","TIME","BUILD","ROOM"
"Diaz, Michelle H.","Variable","","","",""
""
"SEAT","SID","SURNAME","PREFNAME","LEVEL","UNITS","CLASS","MAJOR","GRADE","STATUS","EMAIL"
""
"CID","TERM","SUBJ","CRSE","SEC","UNITS"
"92117","200610","ABC","256","35","1.000 - 5.000"
""
"INSTRUCTOR(S)","TYPE","DAYS","TIME","BUILD","ROOM"
"Parsons, Mia E.","Variable","","","",""
""
"SEAT","SID","SURNAME","PREFNAME","LEVEL","UNITS","CLASS","MAJOR","GRADE","STATUS","EMAIL"
""
"CID","TERM","SUBJ","CRSE","SEC","UNITS"
"23319","200610","ABC","256","36","1.000 - 5.000"
""
"INSTRUCTOR(S)","TYPE","DAYS","TIME","BUILD","ROOM"
"Carpenter, Samantha J.","Variable","","","",""
""
"SEAT","SID","SURNAME","PREFNAME","LEVEL","UNITS","CLASS","MAJOR","GRADE","STATUS","EMAIL"
""
"CID","TERM","SUBJ","CRSE","SEC","UNITS"
"90977","200610","ABC","256","37","1.000 - 5.000"
""
"INSTRUCTOR(S)","TYPE","DAYS","TIME","BUILD","ROOM"
"Hill, Melody B.","Variable","","","",""
""
"SEAT","SID","SURNAME","PREFNAME","LEVEL","UNITS","CLASS","MAJOR","GRADE","STATUS","EMAIL"
""
"CID","TERM","SUBJ","CRSE","SEC","UNITS"
"64238","200610","ABC","256","38","1.000 - 5.000"
""
"INSTRUCTOR(S)","TYPE","DAYS","TIME","BUILD","ROOM"
"","Variable","","","",""
""
"SEAT","SID","SURNAME","PREFNAME","LEVEL","UNITS","CLASS","MAJOR","GRADE","STATUS","EMAIL"
""
"CID","TERM","SUBJ","CRSE","SEC","UNITS"
"97762","200610","ABC","256","39","1.000 - 5.000"
""
"INSTRUCTOR(S)","TYPE","DAYS","TIME","BUILD","ROOM"
"","Variable","","","",""
""
"SEAT","SID","SURNAME","PREFNAME","LEVEL","UNITS","CLASS","MAJOR","GRADE","STATUS","EMAIL"
""
"CID","TERM","SUBJ","CRSE","SEC","UNITS"
"46805","200610","ABC","256","40","1.000 - 5.000"
""
"INSTRUCTOR(S)","TYPE","DAYS","TIME","BUILD","ROOM"
"","Variable","","","",""
""
"SEAT","SID","SURNAME","PREFNAME","LEVEL","UNITS","CLASS","MAJOR","GRADE","STATUS","EMAIL"
""
"CID","TERM","SUBJ","CRSE","SEC","UNITS"
"92995","200610","ABC","256","41","1.000 - 5.000"
""
"INSTRUCTOR(S)","TYPE","DAYS","TIME","BUILD","ROOM"
"","Variable","","","",""
""
"SEAT","SID","SURNAME","PREFNAME","LEVEL","UNITS","CLASS","MAJOR","GRADE","STATUS","EMAIL"
""
"CID","TERM","SUBJ","CRSE","SEC","UNITS"
"58323","200610","ABC","256","42","1.000 - 5.000"
""
"INSTRUCTOR(S)","TYPE","DAYS","TIME","BUILD","ROOM"
"Witt, Noah A.","Variable","","","",""
""
"SEAT","SID","SURNAME","PREFNAME","LEVEL","UNITS","CLASS","MAJOR","GRADE","STATUS","EMAIL"
""
"CID","TERM","SUBJ","CRSE","SEC","UNITS"
"65721","200610","ABC","261","0","1.000 - 5.000"
""
"INSTRUCTOR(S)","TYPE","DAYS","TIME","BUILD","ROOM"
"","Variable","","","",""
""
"SEAT","SID","SURNAME","PREFNAME","LEVEL","UNITS","CLASS","MAJOR","GRADE","STATUS","EMAIL"
""
"CID","TERM","SUBJ","CRSE","SEC","UNITS"
"28598","200610","ABC","261","1","1.000 - 5.000"
""
"INSTRUCTOR(S)","TYPE","DAYS","TIME","BUILD","ROOM"
"","Variable","","","",""
""
"SEAT","SID","SURNAME","PREFNAME","LEVEL","UNITS","CLASS","MAJOR","GRADE","STATUS","EMAIL"
""
"CID","TERM","SUBJ","CRSE","SEC","UNITS"
"42791","200610","ABC","261","2","1.000 - 5.000"
""
"INSTRUCTOR(S)","TYPE","DAYS","TIME","BUILD","ROOM"
"Perry, Katherine V.","Variable","","","",""
""
"SEAT","SID","SURNAME","PREFNAME","LEVEL","UNITS","CLASS","MAJOR","GRADE","STATUS","EMAIL"
"1","122425861","Livingston","Daniel","ND","5","ND","O253","P","RE","daniel.j.livingston@fakeu.edu"
""
"CID","TERM","SUBJ","CRSE","SEC","UNITS"
"38207","200610","ABC","261","3","1.000 - 5.000"
""
"INSTRUCTOR(S)","TYPE","DAYS","TIME","BUILD","ROOM"
"Sullivan, Jordan H.","Variable","","","",""
""
"SEAT","SID","SURNAME","PREFNAME","LEVEL","UNITS","CLASS","MAJOR","GRADE","STATUS","EMAIL"
""
"CID","TERM","SUBJ","CRSE","SEC","UNITS"
"72633","200610","ABC","261","4","1.000 - 5.000"
""
"INSTRUCTOR(S)","TYPE","DAYS","TIME","BUILD","ROOM"
"Herring, Nathan L.","Variable","","","",""
""
"SEAT","SID","SURNAME","PREFNAME","LEVEL","UNITS","CLASS","MAJOR","GRADE","STATUS","EMAIL"
"1","708652696","Brock","Avery","UG","3","SR","DEF2","P","RE","avery.e.brock@fakeu.edu"
"2","145837297","Smith","Benjamin","UG","4","SR","ABC1","P","RE","benjamin.c.smith1@fakeu.edu"
"3","484127934","Hamilton","Elias","UL","1","UL","ABC1","P","RE","elias.j.hamilton@fakeu.edu"
""
"CID","TERM","SUBJ","CRSE","SEC","UNITS"
"49921","200610","ABC","261","5","1.000 - 5.000"
""
"INSTRUCTOR(S)","TYPE","DAYS","TIME","BUILD","ROOM"
"Bennett, Henry A.","Variable","","","",""
""
"SEAT","SID","SURNAME","PREFNAME","LEVEL","UNITS","CLASS","MAJOR","GRADE","STATUS","EMAIL"
""
"CID","TERM","SUBJ","CRSE","SEC","UNITS"
"19181","200610","ABC","261","6","1.000 - 5.000"
""
"INSTRUCTOR(S)","TYPE","DAYS","TIME","BUILD","ROOM"
"Olson, Jennifer D.","Variable","","","",""
""
"SEAT","SID","SURNAME","PREFNAME","LEVEL","UNITS","CLASS","MAJOR","GRADE","STATUS","EMAIL"
""
"CID","TERM","SUBJ","CRSE","SEC","UNITS"
"48860","200610","ABC","261","7","1.000 - 5.000"
""
"INSTRUCTOR(S)","TYPE","DAYS","TIME","BUILD","ROOM"
"Hayden, Ryan L.","Variable","","","",""
""
"SEAT","SID","SURNAME","PREFNAME","LEVEL","UNITS","CLASS","MAJOR","GRADE","STATUS","EMAIL"
""
"CID","TERM","SUBJ","CRSE","SEC","UNITS"
"19633","200610","ABC","261","8","1.000 - 5.000"
""
"INSTRUCTOR(S)","TYPE","DAYS","TIME","BUILD","ROOM"
"Battle, Gianna M.","Variable","","","",""
""
"SEAT","SID","SURNAME","PREFNAME","LEVEL","UNITS","CLASS","MAJOR","GRADE","STATUS","EMAIL"
""
"CID","TERM","SUBJ","CRSE","SEC","UNITS"
"56380","200610","ABC","261","9","1.000 - 5.000"
""
"INSTRUCTOR(S)","TYPE","DAYS","TIME","BUILD","ROOM"
"Cox, Jayden L.","Variable","","","",""
""
"SEAT","SID","SURNAME","PREFNAME","LEVEL","UNITS","CLASS","MAJOR","GRADE","STATUS","EMAIL"
""
"CID","TERM","SUBJ","CRSE","SEC","UNITS"
"75967","200610","ABC","261","10","1.000 - 5.000"
""
"INSTRUCTOR(S)","TYPE","DAYS","TIME","BUILD","ROOM"
"Johnson, Abigail N.","Variable","","","",""
""
"SEAT","SID","SURNAME","PREFNAME","LEVEL","UNITS","CLASS","MAJOR","GRADE","STATUS","EMAIL"
""
"CID","TERM","SUBJ","CRSE","SEC","UNITS"
"44671","200610","ABC","261","11","1.000 - 5.000"
""
"INSTRUCTOR(S)","TYPE","DAYS","TIME","BUILD","ROOM"
"Reese, Ryan X.","Variable","","","",""
""
"SEAT","SID","SURNAME","PREFNAME","LEVEL","UNITS","CLASS","MAJOR","GRADE","STATUS","EMAIL"
""
"CID","TERM","SUBJ","CRSE","SEC","UNITS"
"31139","200610","ABC","261","12","1.000 - 5.000"
""
"INSTRUCTOR(S)","TYPE","DAYS","TIME","BUILD","ROOM"
"Larsen, Ava S.","Variable","","","",""
""
"SEAT","SID","SURNAME","PREFNAME","LEVEL","UNITS","CLASS","MAJOR","GRADE","STATUS","EMAIL"
""
"CID","TERM","SUBJ","CRSE","SEC","UNITS"
"99363","200610","ABC","261","13","1.000 - 5.000"
""
"INSTRUCTOR(S)","TYPE","DAYS","TIME","BUILD","ROOM"
"Snyder, Samantha R.","Variable","","","",""
""
"SEAT","SID","SURNAME","PREFNAME","LEVEL","UNITS","CLASS","MAJOR","GRADE","STATUS","EMAIL"
""
"CID","TERM","SUBJ","CRSE","SEC","UNITS"
"28036","200610","ABC","261","14","1.000 - 5.000"
""
"INSTRUCTOR(S)","TYPE","DAYS","TIME","BUILD","ROOM"
"Williams, Juan L.","Variable","","","",""
""
"SEAT","SID","SURNAME","PREFNAME","LEVEL","UNITS","CLASS","MAJOR","GRADE","STATUS","EMAIL"
""
"CID","TERM","SUBJ","CRSE","SEC","UNITS"
"22813","200610","ABC","261","15","1.000 - 5.000"
""
"INSTRUCTOR(S)","TYPE","DAYS","TIME","BUILD","ROOM"
"Parker, Alejandro G.","Variable","","","",""
""
"SEAT","SID","SURNAME","PREFNAME","LEVEL","UNITS","CLASS","MAJOR","GRADE","STATUS","EMAIL"
""
"CID","TERM","SUBJ","CRSE","SEC","UNITS"
"23349","200610","ABC","261","16","1.000 - 5.000"
""
"INSTRUCTOR(S)","TYPE","DAYS","TIME","BUILD","ROOM"
"Cox, Ayden C.","Variable","","","",""
""
"SEAT","SID","SURNAME","PREFNAME","LEVEL","UNITS","CLASS","MAJOR","GRADE","STATUS","EMAIL"
""
"CID","TERM","SUBJ","CRSE","SEC","UNITS"
"30440","200610","ABC","261","17","1.000 - 5.000"
""
"INSTRUCTOR(S)","TYPE","DAYS","TIME","BUILD","ROOM"
"Rutledge, Ashley B.","Variable","","","",""
""
"SEAT","SID","SURNAME","PREFNAME","LEVEL","UNITS","CLASS","MAJOR","GRADE","STATUS","EMAIL"
""
"CID","TERM","SUBJ","CRSE","SEC","UNITS"
"85037","200610","ABC","261","18","1.000 - 5.000"
""
"INSTRUCTOR(S)","TYPE","DAYS","TIME","BUILD","ROOM"
"Cobb, Sophie A.","Variable","","","",""
""
"SEAT","SID","SURNAME","PREFNAME","LEVEL","UNITS","CLASS","MAJOR","GRADE","STATUS","EMAIL"
""
"CID","TERM","SUBJ","CRSE","SEC","UNITS"
"10374","200610","ABC","261","19","1.000 - 5.000"
""
"INSTRUCTOR(S)","TYPE","DAYS","TIME","BUILD","ROOM"
"Morris, Evan E.","Variable","","","",""
""
"SEAT","SID","SURNAME","PREFNAME","LEVEL","UNITS","CLASS","MAJOR","GRADE","STATUS","EMAIL"
""
"CID","TERM","SUBJ","CRSE","SEC","UNITS"
"65031","200610","ABC","261","20","1.000 - 5.000"
""
"INSTRUCTOR(S)","TYPE","DAYS","TIME","BUILD","ROOM"
"Green, Isabella M.","Variable","","","",""
""
"SEAT","SID","SURNAME","PREFNAME","LEVEL","UNITS","CLASS","MAJOR","GRADE","STATUS","EMAIL"
""
"CID","TERM","SUBJ","CRSE","SEC","UNITS"
"78133","200610","ABC","261","21","1.000 - 5.000"
""
"INSTRUCTOR(S)","TYPE","DAYS","TIME","BUILD","ROOM"
"Edwards, Maya N.","Variable","","","",""
""
"SEAT","SID","SURNAME","PREFNAME","LEVEL","UNITS","CLASS","MAJOR","GRADE","STATUS","EMAIL"
""
"CID","TERM","SUBJ","CRSE","SEC","UNITS"
"36634","200610","ABC","261","22","1.000 - 5.000"
""
"INSTRUCTOR(S)","TYPE","DAYS","TIME","BUILD","ROOM"
"Moore, Isabella M.","Variable","","","",""
""
"SEAT","SID","SURNAME","PREFNAME","LEVEL","UNITS","CLASS","MAJOR","GRADE","STATUS","EMAIL"
""
"CID","TERM","SUBJ","CRSE","SEC","UNITS"
"96700","200610","ABC","261","23","1.000 - 5.000"
""
"INSTRUCTOR(S)","TYPE","DAYS","TIME","BUILD","ROOM"
"Donaldson, Matthew C.","Variable","","","",""
""
"SEAT","SID","SURNAME","PREFNAME","LEVEL","UNITS","CLASS","MAJOR","GRADE","STATUS","EMAIL"
"1","571462797","Potter","Gabriella","UG","3","SR","DEF2","P","RE","gabriella.v.potter@fakeu.edu"
""
"CID","TERM","SUBJ","CRSE","SEC","UNITS"
"43638","200610","ABC","261","24","1.000 - 5.000"
""
"INSTRUCTOR(S)","TYPE","DAYS","TIME","BUILD","ROOM"
"Downs, Jesus C.","Variable","","","",""
""
"SEAT","SID","SURNAME","PREFNAME","LEVEL","UNITS","CLASS","MAJOR","GRADE","STATUS","EMAIL"
""
"CID","TERM","SUBJ","CRSE","SEC","UNITS"
"36463","200610","ABC","261","25","1.000 - 5.000"
""
"INSTRUCTOR(S)","TYPE","DAYS","TIME","BUILD","ROOM"
"Morales, Victoria E.","Variable","","","",""
""
"SEAT","SID","SURNAME","PREFNAME","LEVEL","UNITS","CLASS","MAJOR","GRADE","STATUS","EMAIL"
""
"CID","TERM","SUBJ","CRSE","SEC","UNITS"
"10453","200610","ABC","261","26","1.000 - 5.000"
""
"INSTRUCTOR(S)","TYPE","DAYS","TIME","BUILD","ROOM"
"Rogers, Emma J.","Variable","","","",""
""
"SEAT","SID","SURNAME","PREFNAME","LEVEL","UNITS","CLASS","MAJOR","GRADE","STATUS","EMAIL"
"1","579317224","Walton","Isaac","UG","3","SR","ABC1","P","RE","isaac.m.walton@fakeu.edu"
""
"CID","TERM","SUBJ","CRSE","SEC","UNITS"
"91440","200610","ABC","261","27","1.000 - 5.000"
""
"INSTRUCTOR(S)","TYPE","DAYS","TIME","BUILD","ROOM"
"Vinson, Dominic A.","Variable","","","",""
""
"SEAT","SID","SURNAME","PREFNAME","LEVEL","UNITS","CLASS","MAJOR","GRADE","STATUS","EMAIL"
""
"CID","TERM","SUBJ","CRSE","SEC","UNITS"
"83606","200610","ABC","261","28","1.000 - 5.000"
""
"INSTRUCTOR(S)","TYPE","DAYS","TIME","BUILD","ROOM"
"Reeves, Brayden L.","Variable","","","",""
""
"SEAT","SID","SURNAME","PREFNAME","LEVEL","UNITS","CLASS","MAJOR","GRADE","STATUS","EMAIL"
""
"CID","TERM","SUBJ","CRSE","SEC","UNITS"
"12607","200610","ABC","261","29","1.000 - 5.000"
""
"INSTRUCTOR(S)","TYPE","DAYS","TIME","BUILD","ROOM"
"Fisher, Caleb K.","Variable","","","",""
""
"SEAT","SID","SURNAME","PREFNAME","LEVEL","UNITS","CLASS","MAJOR","GRADE","STATUS","EMAIL"
""
"CID","TERM","SUBJ","CRSE","SEC","UNITS"
"70290","200610","ABC","261","30","1.000 - 5.000"
""
"INSTRUCTOR(S)","TYPE","DAYS","TIME","BUILD","ROOM"
"Davis, Xavier M.","Variable","","","",""
""
"SEAT","SID","SURNAME","PREFNAME","LEVEL","UNITS","CLASS","MAJOR","GRADE","STATUS","EMAIL"
""
"CID","TERM","SUBJ","CRSE","SEC","UNITS"
"48840","200610","ABC","261","31","1.000 - 5.000"
""
"INSTRUCTOR(S)","TYPE","DAYS","TIME","BUILD","ROOM"
"Miller, Liam M.","Variable","","","",""
""
"SEAT","SID","SURNAME","PREFNAME","LEVEL","UNITS","CLASS","MAJOR","GRADE","STATUS","EMAIL"
""
"CID","TERM","SUBJ","CRSE","SEC","UNITS"
"67259","200610","ABC","261","32","1.000 - 5.000"
""
"INSTRUCTOR(S)","TYPE","DAYS","TIME","BUILD","ROOM"
"White, Jose E.","Variable","","","",""
""
"SEAT","SID","SURNAME","PREFNAME","LEVEL","UNITS","CLASS","MAJOR","GRADE","STATUS","EMAIL"
"1","601921197","Johnson","Aiden","UG","1","SR","ABC2","P","RE","aiden.p.johnson@fakeu.edu"
""
"CID","TERM","SUBJ","CRSE","SEC","UNITS"
"95954","200610","ABC","261","33","1.000 - 5.000"
""
"INSTRUCTOR(S)","TYPE","DAYS","TIME","BUILD","ROOM"
"Carpenter, Grace S.","Variable","","","",""
""
"SEAT","SID","SURNAME","PREFNAME","LEVEL","UNITS","CLASS","MAJOR","GRADE","STATUS","EMAIL"
""
"CID","TERM","SUBJ","CRSE","SEC","UNITS"
"47998","200610","ABC","261","34","1.000 - 5.000"
""
"INSTRUCTOR(S)","TYPE","DAYS","TIME","BUILD","ROOM"
"Diaz, Michelle H.","Variable","","","",""
""
"SEAT","SID","SURNAME","PREFNAME","LEVEL","UNITS","CLASS","MAJOR","GRADE","STATUS","EMAIL"
""
"CID","TERM","SUBJ","CRSE","SEC","UNITS"
"54224","200610","ABC","261","35","1.000 - 5.000"
""
"INSTRUCTOR(S)","TYPE","DAYS","TIME","BUILD","ROOM"
"Parsons, Mia E.","Variable","","","",""
""
"SEAT","SID","SURNAME","PREFNAME","LEVEL","UNITS","CLASS","MAJOR","GRADE","STATUS","EMAIL"
""
"CID","TERM","SUBJ","CRSE","SEC","UNITS"
"66007","200610","ABC","261","36","1.000 - 5.000"
""
"INSTRUCTOR(S)","TYPE","DAYS","TIME","BUILD","ROOM"
"Carpenter, Samantha J.","Variable","","","",""
""
"SEAT","SID","SURNAME","PREFNAME","LEVEL","UNITS","CLASS","MAJOR","GRADE","STATUS","EMAIL"
""
"CID","TERM","SUBJ","CRSE","SEC","UNITS"
"77835","200610","ABC","261","37","1.000 - 5.000"
""
"INSTRUCTOR(S)","TYPE","DAYS","TIME","BUILD","ROOM"
"Hill, Melody B.","Variable","","","",""
""
"SEAT","SID","SURNAME","PREFNAME","LEVEL","UNITS","CLASS","MAJOR","GRADE","STATUS","EMAIL"
""
"CID","TERM","SUBJ","CRSE","SEC","UNITS"
"45121","200610","ABC","261","38","1.000 - 5.000"
""
"INSTRUCTOR(S)","TYPE","DAYS","TIME","BUILD","ROOM"
"","Variable","","","",""
""
"SEAT","SID","SURNAME","PREFNAME","LEVEL","UNITS","CLASS","MAJOR","GRADE","STATUS","EMAIL"
""
"CID","TERM","SUBJ","CRSE","SEC","UNITS"
"59068","200610","ABC","261","39","1.000 - 5.000"
""
"INSTRUCTOR(S)","TYPE","DAYS","TIME","BUILD","ROOM"
"","Variable","","","",""
""
"SEAT","SID","SURNAME","PREFNAME","LEVEL","UNITS","CLASS","MAJOR","GRADE","STATUS","EMAIL"
""
"CID","TERM","SUBJ","CRSE","SEC","UNITS"
"69198","200610","ABC","261","40","1.000 - 5.000"
""
"INSTRUCTOR(S)","TYPE","DAYS","TIME","BUILD","ROOM"
"","Variable","","","",""
""
"SEAT","SID","SURNAME","PREFNAME","LEVEL","UNITS","CLASS","MAJOR","GRADE","STATUS","EMAIL"
""
"CID","TERM","SUBJ","CRSE","SEC","UNITS"
"63472","200610","ABC","261","41","1.000 - 5.000"
""
"INSTRUCTOR(S)","TYPE","DAYS","TIME","BUILD","ROOM"
"","Variable","","","",""
""
"SEAT","SID","SURNAME","PREFNAME","LEVEL","UNITS","CLASS","MAJOR","GRADE","STATUS","EMAIL"
""
"CID","TERM","SUBJ","CRSE","SEC","UNITS"
"94110","200610","ABC","261","42","1.000 - 5.000"
""
"INSTRUCTOR(S)","TYPE","DAYS","TIME","BUILD","ROOM"
"Witt, Noah A.","Variable","","","",""
""
"SEAT","SID","SURNAME","PREFNAME","LEVEL","UNITS","CLASS","MAJOR","GRADE","STATUS","EMAIL"
""
"CID","TERM","SUBJ","CRSE","SEC","UNITS"
"86430","200610","ABC","301","1","4"
""
"INSTRUCTOR(S)","TYPE","DAYS","TIME","BUILD","ROOM"
"Sullivan, Jordan H.","Lecture","TR","9:00 AM - 10:20 AM","MB2","1004"
""
"SEAT","SID","SURNAME","PREFNAME","LEVEL","UNITS","CLASS","MAJOR","GRADE","STATUS","EMAIL"
"1","344162707","Scott","Samantha","GR","4","GM","ABCG","A","RE","samantha.a.scott@fakeu.edu"
"2","605225264","Miller","Dylan","GR","4","GM","ABCG","A","RE","dylan.j.miller@fakeu.edu"
"3","524037132","Carlson","Gabriel","GR","4","D1","ABCG","A","RE","gabriel.c.carlson@fakeu.edu"
"4","800337781","Young","Joshua","GR","4","D1","ABCG","A","RE","joshua.s.young@fakeu.edu"
"5","478555178","Bennett","Michael","GR","4","D1","ABCG","A","RE","michael.n.bennett@fakeu.edu"
"6","195599336","Melton","Xavier","GR","4","D1","ABCG","A","RE","xavier.c.melton@fakeu.edu"
"7","293949354","Kirkland","Olivia","GR","4","D1","ABCG","A","RE","olivia.n.kirkland@fakeu.edu"
"8","624004744","Clarke","Melody","GR","4","D1","ABCG","A","RE","melody.s.clarke@fakeu.edu"
"9","140169287","Giles","Christian","GR","4","GM","ABCG","C+","RE","christian.d.giles@fakeu.edu"
"10","419471863","Jones","Genesis","GR","4","D1","ABCG","A","RE","genesis.v.jones@fakeu.edu"
"11","488213360","Miller","John","GR","4","D1","ABCG","A","RE","john.a.miller@fakeu.edu"
"12","518847734","Wilson","Kimberly","GR","4","GM","ABCG","A","RE","kimberly.m.wilson@fakeu.edu"
"13","721928167","Britt","Chloe","GR","4","D1","ABCG","A","RE","chloe.k.britt@fakeu.edu"
"14","733454452","Rogers","Dylan","GR","4","GM","ABCG","F","RE","dylan.h.rogers@fakeu.edu"
"15","368801182","Ortiz","Brayden","GR","4","GM","ABCG","A","RE","brayden.a.ortiz@fakeu.edu"
"16","521618666","Martinez","Dylan","GR","4","D1","ABCG","A","RE","dylan.s.martinez1@fakeu.edu"
"17","381436192","Ramirez","Zachary","GR","4","D1","ABCG","A","RE","zachary.n.ramirez@fakeu.edu"
"18","264687619","Lewis","Jackson","GR","4","D1","ABCG","B+","RE","jackson.l.lewis@fakeu.edu"
"19","938295850","Kelly","Kevin","GR","4","GM","ABCG","B","RE","kevin.j.kelly@fakeu.edu"
"20","307778488","Jenkins","David","GR","4","D1","ABCG","A","RE","david.a.jenkins@fakeu.edu"
"21","989680109","Howard","Madison","GR","4","D1","ABCG","A","RE","madison.s.howard@fakeu.edu"
"22","615059857","Gutierrez","Jordan","GR","4","D1","ABCG","A","RE","jordan.n.gutierrez@fakeu.edu"
"23","894018090","Sullivan","Alejandro","GR","4","D1","ABCG","A","RE","alejandro.j.sullivan@fakeu.edu"
"24","941071402","Ballard","Mason","GR","4","D1","ABCG","A","RE","mason.c.ballard@fakeu.edu"
"25","844390479","Brown","Jason","GR","4","GM","ABCG","A","RE","jason.a.brown@fakeu.edu"
"26","257722978","Dillon","Addison","GR","4","D1","ABCG","A","RE","addison.l.dillon@fakeu.edu"
"27","583056537","Hayes","Ivan","GR","4","D1","ABCG","A-","RE","ivan.m.hayes@fakeu.edu"
"28","895782026","Morrison","Hailey","GR","4","D1","ABCG","A","RE","hailey.e.morrison@fakeu.edu"
"29","441862431","Harper","Jocelyn","GR","4","D1","ABCG","A","RE","jocelyn.l.harper@fakeu.edu"
"30","468634058","Anderson","Jayden","GR","4","D1","ABCG","B+","RE","jayden.r.anderson@fakeu.edu"
"31","896395537","Young","Sophia","GR","4","D1","ABCG","B+","RE","sophia.i.young@fakeu.edu"
"32","477077409","Summers","Ethan","GR","4","D1","ABCG","A","RE","ethan.a.summers@fakeu.edu"
"33","435511943","Bruce","Damian","GR","4","GM","ABCG","B+","RE","damian.g.bruce@fakeu.edu"
"34","504150278","Ramirez","Christian","GR","4","D1","ABCG","A","RE","christian.v.ramirez@fakeu.edu"
"35","535141190","Camacho","Mateo","GR","4","D1","ABCG","A-","RE","mateo.n.camacho@fakeu.edu"
"36","169141145","Wilson","Alex","GR","4","D1","ABCG","A","RE","alex.o.wilson@fakeu.edu"
"37","814370910","Rivera","Ethan","GR","4","D1","ABCG","A","RE","ethan.j.rivera@fakeu.edu"
"38","759867625","Barker","Xavier","GR","4","GM","ABCG","B+","RE","xavier.d.barker@fakeu.edu"
"39","614778633","Bishop","Stephanie","GR","4","D1","ABCG","A","RE","stephanie.a.bishop1@fakeu.edu"
""
"CID","TERM","SUBJ","CRSE","SEC","UNITS"
"18953","200610","ABC","319","1","4"
""
"INSTRUCTOR(S)","TYPE","DAYS","TIME","BUILD","ROOM"
"White, Jose E.","Lecture","TR","1:40 PM - 3:00 PM","MB2","1018"
"","Term Project","","","",""
""
"SEAT","SID","SURNAME","PREFNAME","LEVEL","UNITS","CLASS","MAJOR","GRADE","STATUS","EMAIL"
"1","315789798","Reed","David","GR","4","D1","ABCG","A","RE","david.j.reed@fakeu.edu"
"2","176712637","Long","Alexa","GR","4","D1","ABCG","A","RE","alexa.e.long@fakeu.edu"
"3","757334965","England","Jesus","GR","4","D1","ABCG","A","RE","jesus.o.england@fakeu.edu"
"4","953081315","Swanson","Aaliyah","GR","4","GM","ABCG","NG","RE","aaliyah.r.swanson@fakeu.edu"
"5","368801182","Ortiz","Brayden","GR","4","GM","ABCG","A","RE","brayden.a.ortiz@fakeu.edu"
"6","521618666","Martinez","Dylan","GR","4","D1","ABCG","A","RE","dylan.s.martinez1@fakeu.edu"
"7","515498863","Wilson","Alyssa","GR","4","D1","ABCG","A","RE","alyssa.m.wilson@fakeu.edu"
"8","989680109","Howard","Madison","GR","4","D1","ABCG","A-","RE","madison.s.howard@fakeu.edu"
"9","245187169","Johnson","Zachary","GR","4","D1","ABCG","A","RE","zachary.p.johnson@fakeu.edu"
"10","222474107","Howard","William","GR","4","D1","ABCG","A","RE","william.c.howard@fakeu.edu"
"11","441862431","Harper","Jocelyn","GR","4","D1","ABCG","A","RE","jocelyn.l.harper@fakeu.edu"
"12","515370435","Ellis","Tyler","GR","4","D1","ABCG","A","RE","tyler.l.ellis@fakeu.edu"
"13","477077409","Summers","Ethan","GR","4","D1","ABCG","A","RE","ethan.a.summers@fakeu.edu"
"14","756394705","Reed","Victoria","GR","4","D1","ABCG","A","RE","victoria.a.reed@fakeu.edu"
"15","253184617","Stuart","Olivia","GR","4","D1","ABCG","A","RE","olivia.g.stuart@fakeu.edu"
"16","158287553","Ward","Giselle","GR","4","GM","DEFG","A","RE","giselle.d.ward@fakeu.edu"
"17","533601112","Kelley","Angelina","GR","4","GM","ABCG","A","RE","angelina.s.kelley@fakeu.edu"
"18","123385575","Clarke","Alexander","UG","4","SR","ABC2","B+","RE","alexander.a.clarke@fakeu.edu"
"19","336123357","Patterson","Anthony","GR","4","D1","ABCG","A-","RE","anthony.a.patterson@fakeu.edu"
"20","268617894","Holt","Benjamin","GR","4","D1","ABCG","A","RE","benjamin.s.holt@fakeu.edu"
"21","669526809","Evans","Leonardo","UG","4","SR","DEF2","B","RE","leonardo.m.evans@fakeu.edu"
"22","455724171","Rivera","David","GR","4","D1","ABCG","A","RE","david.j.rivera1@fakeu.edu"
""
"CID","TERM","SUBJ","CRSE","SEC","UNITS"
"61213","200610","ABC","325","1","4"
""
"INSTRUCTOR(S)","TYPE","DAYS","TIME","BUILD","ROOM"
"Williams, Juan L.","Lecture","TR","12:10 PM - 1:30 PM","TB2","116"
"","Laboratory","","","",""
""
"SEAT","SID","SURNAME","PREFNAME","LEVEL","UNITS","CLASS","MAJOR","GRADE","STATUS","EMAIL"
"1","907578058","Ellis","Jack","GR","4","GM","ABCG","A","RE","jack.h.ellis@fakeu.edu"
"2","148949377","Stuart","Evan","GR","4","GM","ABCG","A","RE","evan.e.stuart@fakeu.edu"
"3","829177479","Nichols","Jesus","GR","4","D1","ABCG","C+","RE","jesus.k.nichols@fakeu.edu"
"4","145470643","Keith","Brayden","GR","4","D1","ABCG","B","RE","brayden.a.keith@fakeu.edu"
"5","280015851","Jones","Julian","GR","4","D1","ABCG","A","RE","julian.j.jones@fakeu.edu"
"6","848599227","Ayers","Brandon","GR","4","D1","ABCG","A","RE","brandon.k.ayers@fakeu.edu"
"7","894018090","Sullivan","Alejandro","GR","4","D1","ABCG","A","RE","alejandro.j.sullivan@fakeu.edu"
"8","941071402","Ballard","Mason","GR","4","D1","ABCG","B","RE","mason.c.ballard@fakeu.edu"
"9","521618666","Martinez","Dylan","GR","4","D1","ABCG","B+","RE","dylan.s.martinez1@fakeu.edu"
"10","996566809","Gordon","Adam","GR","4","GM","ABCG","B","RE","adam.e.gordon@fakeu.edu"
"11","219506158","King","Aaron","GR","4","D1","ABCG","B","RE","aaron.a.king@fakeu.edu"
"12","375845469","Lambert","Hunter","GR","4","D1","ABCG","A","RE","hunter.m.lambert@fakeu.edu"
"13","759867625","Barker","Xavier","GR","4","GM","ABCG","A-","RE","xavier.d.barker@fakeu.edu"
"14","855513277","Beard","William","GR","4","D1","ABCG","A","RE","william.r.beard@fakeu.edu"
"15","435511943","Bruce","Damian","GR","4","GM","ABCG","F","RE","damian.g.bruce@fakeu.edu"
"16","583056537","Hayes","Ivan","GR","4","D1","ABCG","F","RE","ivan.m.hayes@fakeu.edu"
""
"CID","TERM","SUBJ","CRSE","SEC","UNITS"
"28704","200610","ABC","333","1","4"
""
"INSTRUCTOR(S)","TYPE","DAYS","TIME","BUILD","ROOM"
"Larsen, Ava S.","Lecture","MWF","12:10 PM - 1:00 PM","LH5","10"
"","Term Project","","","",""
""
"SEAT","SID","SURNAME","PREFNAME","LEVEL","UNITS","CLASS","MAJOR","GRADE","STATUS","EMAIL"
"1","772412638","Paul","Wyatt","GR","4","GM","ABCG","A","RE","wyatt.r.paul@fakeu.edu"
"2","192262318","Whitfield","Kayla","GR","4","D1","ABCG","A-","RE","kayla.l.whitfield@fakeu.edu"
"3","262059817","Bowen","Charlotte","GR","4","D1","DEFG","B+","RE","charlotte.l.bowen@fakeu.edu"
"4","996566809","Gordon","Adam","GR","4","GM","ABCG","A-","RE","adam.e.gordon@fakeu.edu"
"5","950876528","Maddox","Josiah","GR","4","D1","DEFG","A+","RE","josiah.j.maddox@fakeu.edu"
"6","307778488","Jenkins","David","GR","4","D1","ABCG","A","RE","david.a.jenkins@fakeu.edu"
"7","373565177","Robinson","Sebastian","GR","4","D1","ABCG","A+","RE","sebastian.s.robinson@fakeu.edu"
"8","407875644","Lane","Juan","GR","4","D1","ABCG","A-","RE","juan.c.lane@fakeu.edu"
"9","441862431","Harper","Jocelyn","GR","4","D1","ABCG","A","RE","jocelyn.l.harper@fakeu.edu"
"10","477077409","Summers","Ethan","GR","4","D1","ABCG","A","RE","ethan.a.summers@fakeu.edu"
"11","756394705","Reed","Victoria","GR","4","D1","ABCG","A","RE","victoria.a.reed@fakeu.edu"
"12","953081315","Swanson","Aaliyah","GR","4","GM","ABCG","D+","RE","aaliyah.r.swanson@fakeu.edu"
"13","650860107","Lindsay","Aaron","UG","4","SR","ABC2","A-","RE","aaron.g.lindsay@fakeu.edu"
"14","493038406","Smith","Alexander","GR","4","GM","ABCG","C+","RE","alexander.g.smith@fakeu.edu"
"15","169141145","Wilson","Alex","GR","4","D1","ABCG","A","RE","alex.o.wilson@fakeu.edu"
"16","268617894","Holt","Benjamin","GR","4","D1","ABCG","A","RE","benjamin.s.holt@fakeu.edu"
""
"CID","TERM","SUBJ","CRSE","SEC","UNITS"
"76701","200610","ABC","339","1","4"
""
"INSTRUCTOR(S)","TYPE","DAYS","TIME","BUILD","ROOM"
"Rutledge, Ashley B.","Lecture","MWF","3:10 PM - 4:00 PM","LH1","90"
"","Term Project","","","",""
""
"SEAT","SID","SURNAME","PREFNAME","LEVEL","UNITS","CLASS","MAJOR","GRADE","STATUS","EMAIL"
"1","315789798","Reed","David","GR","4","D1","ABCG","A","RE","david.j.reed@fakeu.edu"
"2","971301660","Allen","Zachary","GR","4","D1","ABCG","A-","RE","zachary.l.allen@fakeu.edu"
"3","868479012","Smith","Alan","GR","4","D1","ABCG","A","RE","alan.e.smith@fakeu.edu"
"4","829177479","Nichols","Jesus","GR","4","D1","ABCG","A-","RE","jesus.k.nichols@fakeu.edu"
"5","996566809","Gordon","Adam","GR","4","GM","ABCG","A-","RE","adam.e.gordon@fakeu.edu"
"6","757334965","England","Jesus","GR","4","D1","ABCG","A+","RE","jesus.o.england@fakeu.edu"
"7","673443376","Holt","Andrew","GR","4","D1","ABCG","A","RE","andrew.a.holt@fakeu.edu"
"8","747140491","Mcdonald","Carlos","GR","4","D1","ABCG","A+","RE","carlos.h.mcdonald@fakeu.edu"
"9","293949354","Kirkland","Olivia","GR","4","D1","ABCG","A","RE","olivia.n.kirkland@fakeu.edu"
"10","488213360","Miller","John","GR","4","D1","ABCG","A+","RE","john.a.miller@fakeu.edu"
"11","538968071","Perez","Michael","GR","4","D1","ABCG","A","RE","michael.j.perez@fakeu.edu"
"12","985402646","Spence","Nicholas","GR","4","GM","ABCG","A-","RE","nicholas.v.spence@fakeu.edu"
"13","145470643","Keith","Brayden","GR","4","D1","ABCG","A","RE","brayden.a.keith@fakeu.edu"
"14","368801182","Ortiz","Brayden","GR","4","GM","ABCG","A","RE","brayden.a.ortiz@fakeu.edu"
"15","241066698","Everett","Mia","GR","4","D1","ABCG","B-","RE","mia.l.everett@fakeu.edu"
"16","245187169","Johnson","Zachary","GR","4","D1","ABCG","A","RE","zachary.p.johnson@fakeu.edu"
"17","848599227","Ayers","Brandon","GR","4","D1","ABCG","A+","RE","brandon.k.ayers@fakeu.edu"
"18","625757645","Miller","Logan","GR","4","GM","ABCG","A","RE","logan.e.miller@fakeu.edu"
"19","375845469","Lambert","Hunter","GR","4","D1","ABCG","A","RE","hunter.m.lambert@fakeu.edu"
"20","515370435","Ellis","Tyler","GR","4","D1","ABCG","A-","RE","tyler.l.ellis@fakeu.edu"
"21","721928167","Britt","Chloe","GR","4","D1","ABCG","A+","RE","chloe.k.britt@fakeu.edu"
"22","896395537","Young","Sophia","GR","4","D1","ABCG","A","RE","sophia.i.young@fakeu.edu"
"23","455724171","Rivera","David","GR","4","D1","ABCG","B","RE","david.j.rivera1@fakeu.edu"
"24","435511943","Bruce","Damian","GR","4","GM","ABCG","A-","RE","damian.g.bruce@fakeu.edu"
"25","336123357","Patterson","Anthony","GR","4","D1","ABCG","A-","RE","anthony.a.patterson@fakeu.edu"
"26","257722978","Dillon","Addison","GR","4","D1","ABCG","A","RE","addison.l.dillon@fakeu.edu"
""
"CID","TERM","SUBJ","CRSE","SEC","UNITS"
"30134","200610","ABC","354","1","4"
""
"INSTRUCTOR(S)","TYPE","DAYS","TIME","BUILD","ROOM"
"Olson, Jennifer D.","Lecture","TR","1:40 PM - 3:00 PM","MB2","1014"
"","Laboratory","","","",""
""
"SEAT","SID","SURNAME","PREFNAME","LEVEL","UNITS","CLASS","MAJOR","GRADE","STATUS","EMAIL"
"1","971301660","Allen","Zachary","GR","4","D1","ABCG","A","RE","zachary.l.allen@fakeu.edu"
"2","524037132","Carlson","Gabriel","GR","4","D1","ABCG","A","RE","gabriel.c.carlson@fakeu.edu"
"3","514004234","Thomas","Charlotte","GR","4","GM","ABCG","A","RE","charlotte.g.thomas@fakeu.edu"
"4","673060379","Wallace","Jayden","GR","4","D1","OT75","A","RE","jayden.s.wallace@fakeu.edu"
"5","625757645","Miller","Logan","GR","4","GM","ABCG","A","RE","logan.e.miller@fakeu.edu"
"6","326951437","Anderson","Savannah","GR","4","GM","ABCG","A","RE","savannah.a.anderson@fakeu.edu"
"7","735464072","Richmond","Alan","GR","4","GM","ABCG","A","RE","alan.g.richmond@fakeu.edu"
"8","614778633","Bishop","Stephanie","GR","4","D1","ABCG","A","RE","stephanie.a.bishop1@fakeu.edu"
"9","298744992","Price","Zoey","GR","4","D1","ABCG","A","RE","zoey.j.price@fakeu.edu"
"10","894018090","Sullivan","Alejandro","GR","4","D1","ABCG","A","RE","alejandro.j.sullivan@fakeu.edu"
"11","941071402","Ballard","Mason","GR","4","D1","ABCG","A","RE","mason.c.ballard@fakeu.edu"
"12","236452640","Holman","Alexander","GR","4","D1","ABCG","A","RE","alexander.q.holman@fakeu.edu"
"13","602914937","Wright","Camila","GR","4","GM","ABCG","A","RE","camila.s.wright1@fakeu.edu"
"14","938295850","Kelly","Kevin","GR","4","GM","ABCG","A","RE","kevin.j.kelly@fakeu.edu"
"15","504150278","Ramirez","Christian","GR","4","D1","ABCG","A","RE","christian.v.ramirez@fakeu.edu"
"16","951218075","Flores","Ryan","UG","4","SR","ABC1","A","RE","ryan.u.flores@fakeu.edu"
"17","683169456","Wood","Natalia","GR","4","D1","ABCG","I","RE","natalia.c.wood@fakeu.edu"
"18","693939490","Martin","Jesus","GR","4","D1","O118","A","RE","jesus.o.martin@fakeu.edu"
""
"CID","TERM","SUBJ","CRSE","SEC","UNITS"
"13308","200610","ABC","367","1","1.000 - 5.000"
""
"INSTRUCTOR(S)","TYPE","DAYS","TIME","BUILD","ROOM"
"Vinson, Dominic A.","Variable","MWF","11:00 AM - 11:50 AM","MB2","1006"
"","Variable","","","",""
""
"SEAT","SID","SURNAME","PREFNAME","LEVEL","UNITS","CLASS","MAJOR","GRADE","STATUS","EMAIL"
"1","699263063","Baker","Brianna","GR","4","D1","OT78","A-","RE","brianna.s.baker@fakeu.edu"
"2","602914937","Wright","Camila","GR","4","GM","ABCG","A-","RE","camila.s.wright1@fakeu.edu"
"3","615059857","Gutierrez","Jordan","GR","4","D1","ABCG","A","RE","jordan.n.gutierrez@fakeu.edu"
"4","895782026","Morrison","Hailey","GR","4","D1","ABCG","A+","RE","hailey.e.morrison@fakeu.edu"
"5","104061231","Mcgowan","Sophie","GR","4","GM","ABCG","A","RE","sophie.t.mcgowan@fakeu.edu"
"6","468634058","Anderson","Jayden","GR","4","D1","ABCG","B+","RE","jayden.r.anderson@fakeu.edu"
"7","349643934","Owen","Genesis","GR","4","D1","OT82","A+","RE","genesis.n.owen@fakeu.edu"
"8","535141190","Camacho","Mateo","GR","4","D1","ABCG","B+","RE","mateo.n.camacho@fakeu.edu"
"9","947281961","Anderson","Jordan","UG","1","SR","O160","A","RE","jordan.d.anderson@fakeu.edu"
"10","782259159","Wall","Julian","GR","4","D1","DEFG","B+","RE","julian.a.wall@fakeu.edu"
"11","176712637","Long","Alexa","GR","4","D1","ABCG","A","RE","alexa.e.long@fakeu.edu"
"12","786902734","Carter","Kevin","GR","4","D1","DEFG","NS","RE","kevin.j.carter@fakeu.edu"
"13","977749376","Mccullough","Jacob","GR","4","D1","ABCG","A-","RE","jacob.v.mccullough@fakeu.edu"
"14","756976047","Burt","Owen","GR","4","D1","DEFG","B+","RE","owen.c.burt@fakeu.edu"
"15","514004234","Thomas","Charlotte","GR","4","GM","ABCG","B+","RE","charlotte.g.thomas@fakeu.edu"
"16","112517561","Harris","Joseph","GR","4","D1","ABCG","A","RE","joseph.a.harris@fakeu.edu"
"17","246477249","Hanson","Ethan","GR","4","D1","OT76","A","RE","ethan.l.hanson@fakeu.edu"
"18","280709324","Rose","Kayla","GR","4","D1","DEFG","A","RE","kayla.g.rose@fakeu.edu"
""
"CID","TERM","SUBJ","CRSE","SEC","UNITS"
"96361","200610","ABC","370","1","1"
""
"INSTRUCTOR(S)","TYPE","DAYS","TIME","BUILD","ROOM"
"Downs, Jesus C.","Seminar","R","3:10 PM - 4:30 PM","MB4","1050"
""
"SEAT","SID","SURNAME","PREFNAME","LEVEL","UNITS","CLASS","MAJOR","GRADE","STATUS","EMAIL"
"1","112517561","Harris","Joseph","GR","1","D1","ABCG","S","RE","joseph.a.harris@fakeu.edu"
"2","256096756","Butler","Joseph","GR","1","D1","ABCG","S","RE","joseph.d.butler@fakeu.edu"
"3","985402646","Spence","Nicholas","GR","1","GM","ABCG","S","RE","nicholas.v.spence@fakeu.edu"
""
"CID","TERM","SUBJ","CRSE","SEC","UNITS"
"28011","200610","ABC","371","0","1"
""
"INSTRUCTOR(S)","TYPE","DAYS","TIME","BUILD","ROOM"
"","Discussion","","","",""
""
"SEAT","SID","SURNAME","PREFNAME","LEVEL","UNITS","CLASS","MAJOR","GRADE","STATUS","EMAIL"
""
"CID","TERM","SUBJ","CRSE","SEC","UNITS"
"31489","200610","ABC","371","1","1"
""
"INSTRUCTOR(S)","TYPE","DAYS","TIME","BUILD","ROOM"
"","Discussion","","","",""
""
"SEAT","SID","SURNAME","PREFNAME","LEVEL","UNITS","CLASS","MAJOR","GRADE","STATUS","EMAIL"
""
"CID","TERM","SUBJ","CRSE","SEC","UNITS"
"48454","200610","ABC","371","2","1"
""
"INSTRUCTOR(S)","TYPE","DAYS","TIME","BUILD","ROOM"
"Perry, Katherine V.","Discussion","","","",""
""
"SEAT","SID","SURNAME","PREFNAME","LEVEL","UNITS","CLASS","MAJOR","GRADE","STATUS","EMAIL"
""
"CID","TERM","SUBJ","CRSE","SEC","UNITS"
"41883","200610","ABC","371","3","1"
""
"INSTRUCTOR(S)","TYPE","DAYS","TIME","BUILD","ROOM"
"Sullivan, Jordan H.","Discussion","","","",""
""
"SEAT","SID","SURNAME","PREFNAME","LEVEL","UNITS","CLASS","MAJOR","GRADE","STATUS","EMAIL"
""
"CID","TERM","SUBJ","CRSE","SEC","UNITS"
"18376","200610","ABC","371","4","1"
""
"INSTRUCTOR(S)","TYPE","DAYS","TIME","BUILD","ROOM"
"Herring, Nathan L.","Discussion","","","",""
""
"SEAT","SID","SURNAME","PREFNAME","LEVEL","UNITS","CLASS","MAJOR","GRADE","STATUS","EMAIL"
""
"CID","TERM","SUBJ","CRSE","SEC","UNITS"
"51012","200610","ABC","371","5","1"
""
"INSTRUCTOR(S)","TYPE","DAYS","TIME","BUILD","ROOM"
"Bennett, Henry A.","Discussion","","","",""
""
"SEAT","SID","SURNAME","PREFNAME","LEVEL","UNITS","CLASS","MAJOR","GRADE","STATUS","EMAIL"
""
"CID","TERM","SUBJ","CRSE","SEC","UNITS"
"50637","200610","ABC","371","6","1"
""
"INSTRUCTOR(S)","TYPE","DAYS","TIME","BUILD","ROOM"
"Olson, Jennifer D.","Discussion","","","",""
""
"SEAT","SID","SURNAME","PREFNAME","LEVEL","UNITS","CLASS","MAJOR","GRADE","STATUS","EMAIL"
""
"CID","TERM","SUBJ","CRSE","SEC","UNITS"
"45277","200610","ABC","371","7","1"
""
"INSTRUCTOR(S)","TYPE","DAYS","TIME","BUILD","ROOM"
"Hayden, Ryan L.","Discussion","","","",""
""
"SEAT","SID","SURNAME","PREFNAME","LEVEL","UNITS","CLASS","MAJOR","GRADE","STATUS","EMAIL"
""
"CID","TERM","SUBJ","CRSE","SEC","UNITS"
"93155","200610","ABC","371","8","1"
""
"INSTRUCTOR(S)","TYPE","DAYS","TIME","BUILD","ROOM"
"Battle, Gianna M.","Discussion","","","",""
""
"SEAT","SID","SURNAME","PREFNAME","LEVEL","UNITS","CLASS","MAJOR","GRADE","STATUS","EMAIL"
""
"CID","TERM","SUBJ","CRSE","SEC","UNITS"
"75435","200610","ABC","371","9","1"
""
"INSTRUCTOR(S)","TYPE","DAYS","TIME","BUILD","ROOM"
"Cox, Jayden L.","Discussion","","","",""
""
"SEAT","SID","SURNAME","PREFNAME","LEVEL","UNITS","CLASS","MAJOR","GRADE","STATUS","EMAIL"
""
"CID","TERM","SUBJ","CRSE","SEC","UNITS"
"26313","200610","ABC","371","10","1"
""
"INSTRUCTOR(S)","TYPE","DAYS","TIME","BUILD","ROOM"
"Johnson, Abigail N.","Discussion","","","",""
""
"SEAT","SID","SURNAME","PREFNAME","LEVEL","UNITS","CLASS","MAJOR","GRADE","STATUS","EMAIL"
""
"CID","TERM","SUBJ","CRSE","SEC","UNITS"
"21628","200610","ABC","371","11","1"
""
"INSTRUCTOR(S)","TYPE","DAYS","TIME","BUILD","ROOM"
"Reese, Ryan X.","Discussion","","","",""
""
"SEAT","SID","SURNAME","PREFNAME","LEVEL","UNITS","CLASS","MAJOR","GRADE","STATUS","EMAIL"
""
"CID","TERM","SUBJ","CRSE","SEC","UNITS"
"37309","200610","ABC","371","12","1"
""
"INSTRUCTOR(S)","TYPE","DAYS","TIME","BUILD","ROOM"
"Larsen, Ava S.","Discussion","","","",""
""
"SEAT","SID","SURNAME","PREFNAME","LEVEL","UNITS","CLASS","MAJOR","GRADE","STATUS","EMAIL"
""
"CID","TERM","SUBJ","CRSE","SEC","UNITS"
"63424","200610","ABC","371","13","1"
""
"INSTRUCTOR(S)","TYPE","DAYS","TIME","BUILD","ROOM"
"Snyder, Samantha R.","Discussion","","","",""
""
"SEAT","SID","SURNAME","PREFNAME","LEVEL","UNITS","CLASS","MAJOR","GRADE","STATUS","EMAIL"
""
"CID","TERM","SUBJ","CRSE","SEC","UNITS"
"50154","200610","ABC","371","14","1"
""
"INSTRUCTOR(S)","TYPE","DAYS","TIME","BUILD","ROOM"
"Williams, Juan L.","Discussion","","","",""
""
"SEAT","SID","SURNAME","PREFNAME","LEVEL","UNITS","CLASS","MAJOR","GRADE","STATUS","EMAIL"
""
"CID","TERM","SUBJ","CRSE","SEC","UNITS"
"30264","200610","ABC","371","15","1"
""
"INSTRUCTOR(S)","TYPE","DAYS","TIME","BUILD","ROOM"
"Baldwin, Ella J.","Discussion","","","",""
""
"SEAT","SID","SURNAME","PREFNAME","LEVEL","UNITS","CLASS","MAJOR","GRADE","STATUS","EMAIL"
""
"CID","TERM","SUBJ","CRSE","SEC","UNITS"
"98428","200610","ABC","371","16","1"
""
"INSTRUCTOR(S)","TYPE","DAYS","TIME","BUILD","ROOM"
"Cox, Ayden C.","Discussion","","","",""
""
"SEAT","SID","SURNAME","PREFNAME","LEVEL","UNITS","CLASS","MAJOR","GRADE","STATUS","EMAIL"
""
"CID","TERM","SUBJ","CRSE","SEC","UNITS"
"36728","200610","ABC","371","17","1"
""
"INSTRUCTOR(S)","TYPE","DAYS","TIME","BUILD","ROOM"
"Rutledge, Ashley B.","Discussion","","","",""
""
"SEAT","SID","SURNAME","PREFNAME","LEVEL","UNITS","CLASS","MAJOR","GRADE","STATUS","EMAIL"
""
"CID","TERM","SUBJ","CRSE","SEC","UNITS"
"29246","200610","ABC","371","18","1"
""
"INSTRUCTOR(S)","TYPE","DAYS","TIME","BUILD","ROOM"
"Cobb, Sophie A.","Discussion","","","",""
""
"SEAT","SID","SURNAME","PREFNAME","LEVEL","UNITS","CLASS","MAJOR","GRADE","STATUS","EMAIL"
""
"CID","TERM","SUBJ","CRSE","SEC","UNITS"
"62916","200610","ABC","371","19","1"
""
"INSTRUCTOR(S)","TYPE","DAYS","TIME","BUILD","ROOM"
"Morris, Evan E.","Discussion","","","",""
""
"SEAT","SID","SURNAME","PREFNAME","LEVEL","UNITS","CLASS","MAJOR","GRADE","STATUS","EMAIL"
""
"CID","TERM","SUBJ","CRSE","SEC","UNITS"
"94054","200610","ABC","371","20","1"
""
"INSTRUCTOR(S)","TYPE","DAYS","TIME","BUILD","ROOM"
"Green, Isabella M.","Discussion","","","",""
""
"SEAT","SID","SURNAME","PREFNAME","LEVEL","UNITS","CLASS","MAJOR","GRADE","STATUS","EMAIL"
""
"CID","TERM","SUBJ","CRSE","SEC","UNITS"
"64927","200610","ABC","371","21","1"
""
"INSTRUCTOR(S)","TYPE","DAYS","TIME","BUILD","ROOM"
"Edwards, Maya N.","Discussion","","","",""
""
"SEAT","SID","SURNAME","PREFNAME","LEVEL","UNITS","CLASS","MAJOR","GRADE","STATUS","EMAIL"
""
"CID","TERM","SUBJ","CRSE","SEC","UNITS"
"16376","200610","ABC","371","22","1"
""
"INSTRUCTOR(S)","TYPE","DAYS","TIME","BUILD","ROOM"
"Moore, Isabella M.","Discussion","","","",""
""
"SEAT","SID","SURNAME","PREFNAME","LEVEL","UNITS","CLASS","MAJOR","GRADE","STATUS","EMAIL"
""
"CID","TERM","SUBJ","CRSE","SEC","UNITS"
"56329","200610","ABC","371","23","1"
""
"INSTRUCTOR(S)","TYPE","DAYS","TIME","BUILD","ROOM"
"Donaldson, Matthew C.","Discussion","","","",""
""
"SEAT","SID","SURNAME","PREFNAME","LEVEL","UNITS","CLASS","MAJOR","GRADE","STATUS","EMAIL"
""
"CID","TERM","SUBJ","CRSE","SEC","UNITS"
"53637","200610","ABC","371","24","1"
""
"INSTRUCTOR(S)","TYPE","DAYS","TIME","BUILD","ROOM"
"Downs, Jesus C.","Discussion","","","",""
""
"SEAT","SID","SURNAME","PREFNAME","LEVEL","UNITS","CLASS","MAJOR","GRADE","STATUS","EMAIL"
""
"CID","TERM","SUBJ","CRSE","SEC","UNITS"
"40044","200610","ABC","371","25","1"
""
"INSTRUCTOR(S)","TYPE","DAYS","TIME","BUILD","ROOM"
"Morales, Victoria E.","Discussion","","","",""
""
"SEAT","SID","SURNAME","PREFNAME","LEVEL","UNITS","CLASS","MAJOR","GRADE","STATUS","EMAIL"
""
"CID","TERM","SUBJ","CRSE","SEC","UNITS"
"31756","200610","ABC","371","26","1"
""
"INSTRUCTOR(S)","TYPE","DAYS","TIME","BUILD","ROOM"
"Rogers, Emma J.","Discussion","","","",""
""
"SEAT","SID","SURNAME","PREFNAME","LEVEL","UNITS","CLASS","MAJOR","GRADE","STATUS","EMAIL"
""
"CID","TERM","SUBJ","CRSE","SEC","UNITS"
"33867","200610","ABC","371","27","1"
""
"INSTRUCTOR(S)","TYPE","DAYS","TIME","BUILD","ROOM"
"Greene, Ryan A.","Discussion","","","",""
""
"SEAT","SID","SURNAME","PREFNAME","LEVEL","UNITS","CLASS","MAJOR","GRADE","STATUS","EMAIL"
""
"CID","TERM","SUBJ","CRSE","SEC","UNITS"
"46447","200610","ABC","371","28","1"
""
"INSTRUCTOR(S)","TYPE","DAYS","TIME","BUILD","ROOM"
"Reeves, Brayden L.","Discussion","","","",""
""
"SEAT","SID","SURNAME","PREFNAME","LEVEL","UNITS","CLASS","MAJOR","GRADE","STATUS","EMAIL"
""
"CID","TERM","SUBJ","CRSE","SEC","UNITS"
"95644","200610","ABC","371","29","1"
""
"INSTRUCTOR(S)","TYPE","DAYS","TIME","BUILD","ROOM"
"Fisher, Caleb K.","Discussion","","","",""
""
"SEAT","SID","SURNAME","PREFNAME","LEVEL","UNITS","CLASS","MAJOR","GRADE","STATUS","EMAIL"
""
"CID","TERM","SUBJ","CRSE","SEC","UNITS"
"35663","200610","ABC","371","30","1"
""
"INSTRUCTOR(S)","TYPE","DAYS","TIME","BUILD","ROOM"
"Davis, Xavier M.","Discussion","","","",""
""
"SEAT","SID","SURNAME","PREFNAME","LEVEL","UNITS","CLASS","MAJOR","GRADE","STATUS","EMAIL"
""
"CID","TERM","SUBJ","CRSE","SEC","UNITS"
"60510","200610","ABC","371","31","1"
""
"INSTRUCTOR(S)","TYPE","DAYS","TIME","BUILD","ROOM"
"Miller, Liam M.","Discussion","","","",""
""
"SEAT","SID","SURNAME","PREFNAME","LEVEL","UNITS","CLASS","MAJOR","GRADE","STATUS","EMAIL"
""
"CID","TERM","SUBJ","CRSE","SEC","UNITS"
"24637","200610","ABC","371","32","1"
""
"INSTRUCTOR(S)","TYPE","DAYS","TIME","BUILD","ROOM"
"White, Jose E.","Discussion","","","",""
""
"SEAT","SID","SURNAME","PREFNAME","LEVEL","UNITS","CLASS","MAJOR","GRADE","STATUS","EMAIL"
""
"CID","TERM","SUBJ","CRSE","SEC","UNITS"
"42847","200610","ABC","371","33","1"
""
"INSTRUCTOR(S)","TYPE","DAYS","TIME","BUILD","ROOM"
"Carpenter, Grace S.","Discussion","","","",""
""
"SEAT","SID","SURNAME","PREFNAME","LEVEL","UNITS","CLASS","MAJOR","GRADE","STATUS","EMAIL"
""
"CID","TERM","SUBJ","CRSE","SEC","UNITS"
"13380","200610","ABC","371","34","1"
""
"INSTRUCTOR(S)","TYPE","DAYS","TIME","BUILD","ROOM"
"","Discussion","","","",""
""
"SEAT","SID","SURNAME","PREFNAME","LEVEL","UNITS","CLASS","MAJOR","GRADE","STATUS","EMAIL"
""
"CID","TERM","SUBJ","CRSE","SEC","UNITS"
"32487","200610","ABC","371","35","1"
""
"INSTRUCTOR(S)","TYPE","DAYS","TIME","BUILD","ROOM"
"Parsons, Mia E.","Discussion","","","",""
""
"SEAT","SID","SURNAME","PREFNAME","LEVEL","UNITS","CLASS","MAJOR","GRADE","STATUS","EMAIL"
""
"CID","TERM","SUBJ","CRSE","SEC","UNITS"
"58661","200610","ABC","371","36","1"
""
"INSTRUCTOR(S)","TYPE","DAYS","TIME","BUILD","ROOM"
"Carpenter, Samantha J.","Discussion","","","",""
""
"SEAT","SID","SURNAME","PREFNAME","LEVEL","UNITS","CLASS","MAJOR","GRADE","STATUS","EMAIL"
""
"CID","TERM","SUBJ","CRSE","SEC","UNITS"
"69791","200610","ABC","371","37","1"
""
"INSTRUCTOR(S)","TYPE","DAYS","TIME","BUILD","ROOM"
"Hill, Melody B.","Discussion","","","",""
""
"SEAT","SID","SURNAME","PREFNAME","LEVEL","UNITS","CLASS","MAJOR","GRADE","STATUS","EMAIL"
""
"CID","TERM","SUBJ","CRSE","SEC","UNITS"
"38908","200610","ABC","371","38","1"
""
"INSTRUCTOR(S)","TYPE","DAYS","TIME","BUILD","ROOM"
"","Discussion","","","",""
""
"SEAT","SID","SURNAME","PREFNAME","LEVEL","UNITS","CLASS","MAJOR","GRADE","STATUS","EMAIL"
""
"CID","TERM","SUBJ","CRSE","SEC","UNITS"
"65617","200610","ABC","371","39","1"
""
"INSTRUCTOR(S)","TYPE","DAYS","TIME","BUILD","ROOM"
"","Discussion","","","",""
""
"SEAT","SID","SURNAME","PREFNAME","LEVEL","UNITS","CLASS","MAJOR","GRADE","STATUS","EMAIL"
""
"CID","TERM","SUBJ","CRSE","SEC","UNITS"
"33624","200610","ABC","371","40","1"
""
"INSTRUCTOR(S)","TYPE","DAYS","TIME","BUILD","ROOM"
"","Discussion","","","",""
""
"SEAT","SID","SURNAME","PREFNAME","LEVEL","UNITS","CLASS","MAJOR","GRADE","STATUS","EMAIL"
""
"CID","TERM","SUBJ","CRSE","SEC","UNITS"
"37817","200610","ABC","371","41","1"
""
"INSTRUCTOR(S)","TYPE","DAYS","TIME","BUILD","ROOM"
"","Discussion","","","",""
""
"SEAT","SID","SURNAME","PREFNAME","LEVEL","UNITS","CLASS","MAJOR","GRADE","STATUS","EMAIL"
""
"CID","TERM","SUBJ","CRSE","SEC","UNITS"
"55788","200610","ABC","371","42","1"
""
"INSTRUCTOR(S)","TYPE","DAYS","TIME","BUILD","ROOM"
"Perry, Katherine V.","Discussion","","","",""
""
"SEAT","SID","SURNAME","PREFNAME","LEVEL","UNITS","CLASS","MAJOR","GRADE","STATUS","EMAIL"
""
"CID","TERM","SUBJ","CRSE","SEC","UNITS"
"90119","200610","ABC","371","43","1"
""
"INSTRUCTOR(S)","TYPE","DAYS","TIME","BUILD","ROOM"
"Sullivan, Jordan H.","Discussion","","","",""
""
"SEAT","SID","SURNAME","PREFNAME","LEVEL","UNITS","CLASS","MAJOR","GRADE","STATUS","EMAIL"
""
"CID","TERM","SUBJ","CRSE","SEC","UNITS"
"41819","200610","ABC","371","44","1"
""
"INSTRUCTOR(S)","TYPE","DAYS","TIME","BUILD","ROOM"
"Herring, Nathan L.","Discussion","","","",""
""
"SEAT","SID","SURNAME","PREFNAME","LEVEL","UNITS","CLASS","MAJOR","GRADE","STATUS","EMAIL"
""
"CID","TERM","SUBJ","CRSE","SEC","UNITS"
"38412","200610","ABC","371","45","1"
""
"INSTRUCTOR(S)","TYPE","DAYS","TIME","BUILD","ROOM"
"Bennett, Henry A.","Discussion","","","",""
""
"SEAT","SID","SURNAME","PREFNAME","LEVEL","UNITS","CLASS","MAJOR","GRADE","STATUS","EMAIL"
""
"CID","TERM","SUBJ","CRSE","SEC","UNITS"
"98885","200610","ABC","371","46","1"
""
"INSTRUCTOR(S)","TYPE","DAYS","TIME","BUILD","ROOM"
"Olson, Jennifer D.","Discussion","","","",""
""
"SEAT","SID","SURNAME","PREFNAME","LEVEL","UNITS","CLASS","MAJOR","GRADE","STATUS","EMAIL"
""
"CID","TERM","SUBJ","CRSE","SEC","UNITS"
"10407","200610","ABC","371","47","1"
""
"INSTRUCTOR(S)","TYPE","DAYS","TIME","BUILD","ROOM"
"Hayden, Ryan L.","Discussion","","","",""
""
"SEAT","SID","SURNAME","PREFNAME","LEVEL","UNITS","CLASS","MAJOR","GRADE","STATUS","EMAIL"
""
"CID","TERM","SUBJ","CRSE","SEC","UNITS"
"95203","200610","ABC","371","48","1"
""
"INSTRUCTOR(S)","TYPE","DAYS","TIME","BUILD","ROOM"
"Battle, Gianna M.","Discussion","","","",""
""
"SEAT","SID","SURNAME","PREFNAME","LEVEL","UNITS","CLASS","MAJOR","GRADE","STATUS","EMAIL"
""
"CID","TERM","SUBJ","CRSE","SEC","UNITS"
"68858","200610","ABC","371","49","1"
""
"INSTRUCTOR(S)","TYPE","DAYS","TIME","BUILD","ROOM"
"Cox, Jayden L.","Discussion","","","",""
""
"SEAT","SID","SURNAME","PREFNAME","LEVEL","UNITS","CLASS","MAJOR","GRADE","STATUS","EMAIL"
""
"CID","TERM","SUBJ","CRSE","SEC","UNITS"
"85602","200610","ABC","371","50","1"
""
"INSTRUCTOR(S)","TYPE","DAYS","TIME","BUILD","ROOM"
"Johnson, Abigail N.","Discussion","M","2:10 PM - 3:00 PM","MB3","1074"
""
"SEAT","SID","SURNAME","PREFNAME","LEVEL","UNITS","CLASS","MAJOR","GRADE","STATUS","EMAIL"
""
"CID","TERM","SUBJ","CRSE","SEC","UNITS"
"24580","200610","ABC","371","51","1"
""
"INSTRUCTOR(S)","TYPE","DAYS","TIME","BUILD","ROOM"
"Reese, Ryan X.","Discussion","","","",""
""
"SEAT","SID","SURNAME","PREFNAME","LEVEL","UNITS","CLASS","MAJOR","GRADE","STATUS","EMAIL"
""
"CID","TERM","SUBJ","CRSE","SEC","UNITS"
"71832","200610","ABC","371","52","1"
""
"INSTRUCTOR(S)","TYPE","DAYS","TIME","BUILD","ROOM"
"Larsen, Ava S.","Discussion","","","",""
""
"SEAT","SID","SURNAME","PREFNAME","LEVEL","UNITS","CLASS","MAJOR","GRADE","STATUS","EMAIL"
""
"CID","TERM","SUBJ","CRSE","SEC","UNITS"
"52707","200610","ABC","371","53","1"
""
"INSTRUCTOR(S)","TYPE","DAYS","TIME","BUILD","ROOM"
"Snyder, Samantha R.","Discussion","","","",""
""
"SEAT","SID","SURNAME","PREFNAME","LEVEL","UNITS","CLASS","MAJOR","GRADE","STATUS","EMAIL"
""
"CID","TERM","SUBJ","CRSE","SEC","UNITS"
"12700","200610","ABC","371","54","1"
""
"INSTRUCTOR(S)","TYPE","DAYS","TIME","BUILD","ROOM"
"Williams, Juan L.","Discussion","","","",""
""
"SEAT","SID","SURNAME","PREFNAME","LEVEL","UNITS","CLASS","MAJOR","GRADE","STATUS","EMAIL"
""
"CID","TERM","SUBJ","CRSE","SEC","UNITS"
"50737","200610","ABC","371","55","1"
""
"INSTRUCTOR(S)","TYPE","DAYS","TIME","BUILD","ROOM"
"Baldwin, Ella J.","Discussion","T","2:10 PM - 3:00 PM","MB3","1074"
""
"SEAT","SID","SURNAME","PREFNAME","LEVEL","UNITS","CLASS","MAJOR","GRADE","STATUS","EMAIL"
""
"CID","TERM","SUBJ","CRSE","SEC","UNITS"
"31180","200610","ABC","371","56","1"
""
"INSTRUCTOR(S)","TYPE","DAYS","TIME","BUILD","ROOM"
"Cox, Ayden C.","Discussion","","","",""
""
"SEAT","SID","SURNAME","PREFNAME","LEVEL","UNITS","CLASS","MAJOR","GRADE","STATUS","EMAIL"
""
"CID","TERM","SUBJ","CRSE","SEC","UNITS"
"64167","200610","ABC","371","57","1"
""
"INSTRUCTOR(S)","TYPE","DAYS","TIME","BUILD","ROOM"
"Rutledge, Ashley B.","Discussion","","","",""
""
"SEAT","SID","SURNAME","PREFNAME","LEVEL","UNITS","CLASS","MAJOR","GRADE","STATUS","EMAIL"
""
"CID","TERM","SUBJ","CRSE","SEC","UNITS"
"21182","200610","ABC","371","58","1"
""
"INSTRUCTOR(S)","TYPE","DAYS","TIME","BUILD","ROOM"
"Cobb, Sophie A.","Discussion","","","",""
""
"SEAT","SID","SURNAME","PREFNAME","LEVEL","UNITS","CLASS","MAJOR","GRADE","STATUS","EMAIL"
""
"CID","TERM","SUBJ","CRSE","SEC","UNITS"
"44174","200610","ABC","371","59","1"
""
"INSTRUCTOR(S)","TYPE","DAYS","TIME","BUILD","ROOM"
"Morris, Evan E.","Discussion","","","",""
""
"SEAT","SID","SURNAME","PREFNAME","LEVEL","UNITS","CLASS","MAJOR","GRADE","STATUS","EMAIL"
""
"CID","TERM","SUBJ","CRSE","SEC","UNITS"
"76458","200610","ABC","371","60","1"
""
"INSTRUCTOR(S)","TYPE","DAYS","TIME","BUILD","ROOM"
"Green, Isabella M.","Discussion","","","",""
""
"SEAT","SID","SURNAME","PREFNAME","LEVEL","UNITS","CLASS","MAJOR","GRADE","STATUS","EMAIL"
""
"CID","TERM","SUBJ","CRSE","SEC","UNITS"
"60634","200610","ABC","371","61","1"
""
"INSTRUCTOR(S)","TYPE","DAYS","TIME","BUILD","ROOM"
"Edwards, Maya N.","Discussion","","","",""
""
"SEAT","SID","SURNAME","PREFNAME","LEVEL","UNITS","CLASS","MAJOR","GRADE","STATUS","EMAIL"
""
"CID","TERM","SUBJ","CRSE","SEC","UNITS"
"49253","200610","ABC","371","62","1"
""
"INSTRUCTOR(S)","TYPE","DAYS","TIME","BUILD","ROOM"
"Moore, Isabella M.","Discussion","","","",""
""
"SEAT","SID","SURNAME","PREFNAME","LEVEL","UNITS","CLASS","MAJOR","GRADE","STATUS","EMAIL"
""
"CID","TERM","SUBJ","CRSE","SEC","UNITS"
"75406","200610","ABC","371","63","1"
""
"INSTRUCTOR(S)","TYPE","DAYS","TIME","BUILD","ROOM"
"Donaldson, Matthew C.","Discussion","","","",""
""
"SEAT","SID","SURNAME","PREFNAME","LEVEL","UNITS","CLASS","MAJOR","GRADE","STATUS","EMAIL"
""
"CID","TERM","SUBJ","CRSE","SEC","UNITS"
"73459","200610","ABC","371","64","1"
""
"INSTRUCTOR(S)","TYPE","DAYS","TIME","BUILD","ROOM"
"Downs, Jesus C.","Discussion","","","",""
""
"SEAT","SID","SURNAME","PREFNAME","LEVEL","UNITS","CLASS","MAJOR","GRADE","STATUS","EMAIL"
""
"CID","TERM","SUBJ","CRSE","SEC","UNITS"
"57265","200610","ABC","371","65","1"
""
"INSTRUCTOR(S)","TYPE","DAYS","TIME","BUILD","ROOM"
"Morales, Victoria E.","Discussion","","","",""
""
"SEAT","SID","SURNAME","PREFNAME","LEVEL","UNITS","CLASS","MAJOR","GRADE","STATUS","EMAIL"
""
"CID","TERM","SUBJ","CRSE","SEC","UNITS"
"54607","200610","ABC","371","66","1"
""
"INSTRUCTOR(S)","TYPE","DAYS","TIME","BUILD","ROOM"
"Rogers, Emma J.","Discussion","","","",""
""
"SEAT","SID","SURNAME","PREFNAME","LEVEL","UNITS","CLASS","MAJOR","GRADE","STATUS","EMAIL"
""
"CID","TERM","SUBJ","CRSE","SEC","UNITS"
"84234","200610","ABC","371","67","1"
""
"INSTRUCTOR(S)","TYPE","DAYS","TIME","BUILD","ROOM"
"Greene, Ryan A.","Discussion","","","",""
""
"SEAT","SID","SURNAME","PREFNAME","LEVEL","UNITS","CLASS","MAJOR","GRADE","STATUS","EMAIL"
""
"CID","TERM","SUBJ","CRSE","SEC","UNITS"
"48621","200610","ABC","371","68","1"
""
"INSTRUCTOR(S)","TYPE","DAYS","TIME","BUILD","ROOM"
"Reeves, Brayden L.","Discussion","","","",""
""
"SEAT","SID","SURNAME","PREFNAME","LEVEL","UNITS","CLASS","MAJOR","GRADE","STATUS","EMAIL"
""
"CID","TERM","SUBJ","CRSE","SEC","UNITS"
"70613","200610","ABC","371","69","1"
""
"INSTRUCTOR(S)","TYPE","DAYS","TIME","BUILD","ROOM"
"Fisher, Caleb K.","Discussion","","","",""
""
"SEAT","SID","SURNAME","PREFNAME","LEVEL","UNITS","CLASS","MAJOR","GRADE","STATUS","EMAIL"
""
"CID","TERM","SUBJ","CRSE","SEC","UNITS"
"85131","200610","ABC","371","70","1"
""
"INSTRUCTOR(S)","TYPE","DAYS","TIME","BUILD","ROOM"
"Davis, Xavier M.","Discussion","","","",""
""
"SEAT","SID","SURNAME","PREFNAME","LEVEL","UNITS","CLASS","MAJOR","GRADE","STATUS","EMAIL"
""
"CID","TERM","SUBJ","CRSE","SEC","UNITS"
"78930","200610","ABC","371","71","1"
""
"INSTRUCTOR(S)","TYPE","DAYS","TIME","BUILD","ROOM"
"Miller, Liam M.","Discussion","","","",""
""
"SEAT","SID","SURNAME","PREFNAME","LEVEL","UNITS","CLASS","MAJOR","GRADE","STATUS","EMAIL"
""
"CID","TERM","SUBJ","CRSE","SEC","UNITS"
"16727","200610","ABC","371","72","1"
""
"INSTRUCTOR(S)","TYPE","DAYS","TIME","BUILD","ROOM"
"White, Jose E.","Discussion","","","",""
""
"SEAT","SID","SURNAME","PREFNAME","LEVEL","UNITS","CLASS","MAJOR","GRADE","STATUS","EMAIL"
""
"CID","TERM","SUBJ","CRSE","SEC","UNITS"
"48402","200610","ABC","371","73","1"
""
"INSTRUCTOR(S)","TYPE","DAYS","TIME","BUILD","ROOM"
"Carpenter, Grace S.","Discussion","","","",""
""
"SEAT","SID","SURNAME","PREFNAME","LEVEL","UNITS","CLASS","MAJOR","GRADE","STATUS","EMAIL"
""
"CID","TERM","SUBJ","CRSE","SEC","UNITS"
"70429","200610","ABC","371","74","1"
""
"INSTRUCTOR(S)","TYPE","DAYS","TIME","BUILD","ROOM"
"","Discussion","","","",""
""
"SEAT","SID","SURNAME","PREFNAME","LEVEL","UNITS","CLASS","MAJOR","GRADE","STATUS","EMAIL"
""
"CID","TERM","SUBJ","CRSE","SEC","UNITS"
"13334","200610","ABC","371","75","1"
""
"INSTRUCTOR(S)","TYPE","DAYS","TIME","BUILD","ROOM"
"Parsons, Mia E.","Discussion","","","",""
""
"SEAT","SID","SURNAME","PREFNAME","LEVEL","UNITS","CLASS","MAJOR","GRADE","STATUS","EMAIL"
""
"CID","TERM","SUBJ","CRSE","SEC","UNITS"
"33114","200610","ABC","373","1","1"
""
"INSTRUCTOR(S)","TYPE","DAYS","TIME","BUILD","ROOM"
"","Lecture","M","1:10 PM - 2:00 PM","MB2","1004"
""
"SEAT","SID","SURNAME","PREFNAME","LEVEL","UNITS","CLASS","MAJOR","GRADE","STATUS","EMAIL"
"1","148949377","Stuart","Evan","GR","1","GM","ABCG","S","RE","evan.e.stuart@fakeu.edu"
"2","478555178","Bennett","Michael","GR","1","D1","ABCG","S","RE","michael.n.bennett@fakeu.edu"
"3","195599336","Melton","Xavier","GR","1","D1","ABCG","S","RE","xavier.c.melton@fakeu.edu"
"4","800337781","Young","Joshua","GR","1","D1","ABCG","S","RE","joshua.s.young@fakeu.edu"
"5","488213360","Miller","John","GR","1","D1","ABCG","S","RE","john.a.miller@fakeu.edu"
"6","614778633","Bishop","Stephanie","GR","1","D1","ABCG","S","RE","stephanie.a.bishop1@fakeu.edu"
"7","721928167","Britt","Chloe","GR","1","D1","ABCG","S","RE","chloe.k.britt@fakeu.edu"
"8","368801182","Ortiz","Brayden","GR","1","GM","ABCG","S","RE","brayden.a.ortiz@fakeu.edu"
"9","381436192","Ramirez","Zachary","GR","1","D1","ABCG","S","RE","zachary.n.ramirez@fakeu.edu"
"10","493038406","Smith","Alexander","GR","1","GM","ABCG","S","RE","alexander.g.smith@fakeu.edu"
"11","938295850","Kelly","Kevin","GR","1","GM","ABCG","S","RE","kevin.j.kelly@fakeu.edu"
"12","326951437","Anderson","Savannah","GR","1","GM","ABCG","S","RE","savannah.a.anderson@fakeu.edu"
"13","344162707","Scott","Samantha","GR","1","GM","ABCG","S","RE","samantha.a.scott@fakeu.edu"
"14","518847734","Wilson","Kimberly","GR","1","GM","ABCG","S","RE","kimberly.m.wilson@fakeu.edu"
"15","759867625","Barker","Xavier","GR","1","GM","ABCG","S","RE","xavier.d.barker@fakeu.edu"
"16","683169456","Wood","Natalia","GR","1","D1","ABCG","S","RE","natalia.c.wood@fakeu.edu"
"17","298744992","Price","Zoey","GR","1","D1","ABCG","S","RE","zoey.j.price@fakeu.edu"
"18","535141190","Camacho","Mateo","GR","1","D1","ABCG","S","RE","mateo.n.camacho@fakeu.edu"
"19","441862431","Harper","Jocelyn","GR","1","D1","ABCG","S","RE","jocelyn.l.harper@fakeu.edu"
"20","989680109","Howard","Madison","GR","1","D1","ABCG","S","RE","madison.s.howard@fakeu.edu"
"21","521618666","Martinez","Dylan","GR","1","D1","ABCG","S","RE","dylan.s.martinez1@fakeu.edu"
"22","615059857","Gutierrez","Jordan","GR","1","D1","ABCG","S","RE","jordan.n.gutierrez@fakeu.edu"
"23","375845469","Lambert","Hunter","GR","1","D1","ABCG","S","RE","hunter.m.lambert@fakeu.edu"
"24","605225264","Miller","Dylan","GR","1","GM","ABCG","S","RE","dylan.j.miller@fakeu.edu"
"25","894018090","Sullivan","Alejandro","GR","1","D1","ABCG","S","RE","alejandro.j.sullivan@fakeu.edu"
"26","941071402","Ballard","Mason","GR","1","D1","ABCG","S","RE","mason.c.ballard@fakeu.edu"
"27","280015851","Jones","Julian","GR","1","D1","ABCG","S","RE","julian.j.jones@fakeu.edu"
"28","583056537","Hayes","Ivan","GR","1","D1","ABCG","S","RE","ivan.m.hayes@fakeu.edu"
"29","574693960","Wall","William","GR","1","D1","ABCG","S","RE","william.a.wall@fakeu.edu"
"30","373565177","Robinson","Sebastian","GR","1","D1","ABCG","S","RE","sebastian.s.robinson@fakeu.edu"
"31","236452640","Holman","Alexander","GR","1","D1","ABCG","S","RE","alexander.q.holman@fakeu.edu"
"32","756394705","Reed","Victoria","GR","1","D1","ABCG","S","RE","victoria.a.reed@fakeu.edu"
"33","435511943","Bruce","Damian","GR","1","GM","ABCG","S","RE","damian.g.bruce@fakeu.edu"
"34","504150278","Ramirez","Christian","GR","1","D1","ABCG","S","RE","christian.v.ramirez@fakeu.edu"
"35","953081315","Swanson","Aaliyah","GR","1","GM","ABCG","S","RE","aaliyah.r.swanson@fakeu.edu"
"36","477077409","Summers","Ethan","GR","1","D1","ABCG","S","RE","ethan.a.summers@fakeu.edu"
"37","169141145","Wilson","Alex","GR","1","D1","ABCG","S","RE","alex.o.wilson@fakeu.edu"
"38","307778488","Jenkins","David","GR","1","D1","ABCG","S","RE","david.a.jenkins@fakeu.edu"
"39","624004744","Clarke","Melody","GR","1","D1","ABCG","S","RE","melody.s.clarke@fakeu.edu"
"40","455724171","Rivera","David","GR","1","D1","ABCG","S","RE","david.j.rivera1@fakeu.edu"
"41","844390479","Brown","Jason","GR","1","GM","ABCG","S","RE","jason.a.brown@fakeu.edu"
"42","985402646","Spence","Nicholas","GR","1","GM","ABCG","S","RE","nicholas.v.spence@fakeu.edu"
""
"CID","TERM","SUBJ","CRSE","SEC","UNITS"
"43770","200610","ABC","375","0","1.000 - 5.000"
""
"INSTRUCTOR(S)","TYPE","DAYS","TIME","BUILD","ROOM"
"","Variable","","","",""
""
"SEAT","SID","SURNAME","PREFNAME","LEVEL","UNITS","CLASS","MAJOR","GRADE","STATUS","EMAIL"
""
"CID","TERM","SUBJ","CRSE","SEC","UNITS"
"68216","200610","ABC","375","1","1.000 - 5.000"
""
"INSTRUCTOR(S)","TYPE","DAYS","TIME","BUILD","ROOM"
"","Variable","","","",""
""
"SEAT","SID","SURNAME","PREFNAME","LEVEL","UNITS","CLASS","MAJOR","GRADE","STATUS","EMAIL"
""
"CID","TERM","SUBJ","CRSE","SEC","UNITS"
"85356","200610","ABC","375","2","1.000 - 5.000"
""
"INSTRUCTOR(S)","TYPE","DAYS","TIME","BUILD","ROOM"
"Perry, Katherine V.","Variable","","","",""
""
"SEAT","SID","SURNAME","PREFNAME","LEVEL","UNITS","CLASS","MAJOR","GRADE","STATUS","EMAIL"
""
"CID","TERM","SUBJ","CRSE","SEC","UNITS"
"41051","200610","ABC","375","3","1.000 - 5.000"
""
"INSTRUCTOR(S)","TYPE","DAYS","TIME","BUILD","ROOM"
"Sullivan, Jordan H.","Variable","","","",""
""
"SEAT","SID","SURNAME","PREFNAME","LEVEL","UNITS","CLASS","MAJOR","GRADE","STATUS","EMAIL"
""
"CID","TERM","SUBJ","CRSE","SEC","UNITS"
"20041","200610","ABC","375","4","1.000 - 5.000"
""
"INSTRUCTOR(S)","TYPE","DAYS","TIME","BUILD","ROOM"
"Herring, Nathan L.","Variable","","","",""
""
"SEAT","SID","SURNAME","PREFNAME","LEVEL","UNITS","CLASS","MAJOR","GRADE","STATUS","EMAIL"
""
"CID","TERM","SUBJ","CRSE","SEC","UNITS"
"46193","200610","ABC","375","5","1.000 - 5.000"
""
"INSTRUCTOR(S)","TYPE","DAYS","TIME","BUILD","ROOM"
"Bennett, Henry A.","Variable","","","",""
""
"SEAT","SID","SURNAME","PREFNAME","LEVEL","UNITS","CLASS","MAJOR","GRADE","STATUS","EMAIL"
""
"CID","TERM","SUBJ","CRSE","SEC","UNITS"
"69349","200610","ABC","375","6","1.000 - 5.000"
""
"INSTRUCTOR(S)","TYPE","DAYS","TIME","BUILD","ROOM"
"Olson, Jennifer D.","Variable","","","",""
""
"SEAT","SID","SURNAME","PREFNAME","LEVEL","UNITS","CLASS","MAJOR","GRADE","STATUS","EMAIL"
""
"CID","TERM","SUBJ","CRSE","SEC","UNITS"
"29961","200610","ABC","375","7","1.000 - 5.000"
""
"INSTRUCTOR(S)","TYPE","DAYS","TIME","BUILD","ROOM"
"Hayden, Ryan L.","Variable","","","",""
""
"SEAT","SID","SURNAME","PREFNAME","LEVEL","UNITS","CLASS","MAJOR","GRADE","STATUS","EMAIL"
""
"CID","TERM","SUBJ","CRSE","SEC","UNITS"
"95626","200610","ABC","375","8","1.000 - 5.000"
""
"INSTRUCTOR(S)","TYPE","DAYS","TIME","BUILD","ROOM"
"Battle, Gianna M.","Variable","","","",""
""
"SEAT","SID","SURNAME","PREFNAME","LEVEL","UNITS","CLASS","MAJOR","GRADE","STATUS","EMAIL"
""
"CID","TERM","SUBJ","CRSE","SEC","UNITS"
"49509","200610","ABC","375","9","1.000 - 5.000"
""
"INSTRUCTOR(S)","TYPE","DAYS","TIME","BUILD","ROOM"
""
"SEAT","SID","SURNAME","PREFNAME","LEVEL","UNITS","CLASS","MAJOR","GRADE","STATUS","EMAIL"
""
"CID","TERM","SUBJ","CRSE","SEC","UNITS"
"48321","200610","ABC","375","10","1.000 - 5.000"
""
"INSTRUCTOR(S)","TYPE","DAYS","TIME","BUILD","ROOM"
"Johnson, Abigail N.","Variable","","","",""
""
"SEAT","SID","SURNAME","PREFNAME","LEVEL","UNITS","CLASS","MAJOR","GRADE","STATUS","EMAIL"
""
"CID","TERM","SUBJ","CRSE","SEC","UNITS"
"29468","200610","ABC","375","11","1.000 - 5.000"
""
"INSTRUCTOR(S)","TYPE","DAYS","TIME","BUILD","ROOM"
"Reese, Ryan X.","Variable","M","","",""
""
"SEAT","SID","SURNAME","PREFNAME","LEVEL","UNITS","CLASS","MAJOR","GRADE","STATUS","EMAIL"
""
"CID","TERM","SUBJ","CRSE","SEC","UNITS"
"92845","200610","ABC","375","12","1.000 - 5.000"
""
"INSTRUCTOR(S)","TYPE","DAYS","TIME","BUILD","ROOM"
"Larsen, Ava S.","Variable","","","",""
""
"SEAT","SID","SURNAME","PREFNAME","LEVEL","UNITS","CLASS","MAJOR","GRADE","STATUS","EMAIL"
""
"CID","TERM","SUBJ","CRSE","SEC","UNITS"
"10960","200610","ABC","375","13","1.000 - 5.000"
""
"INSTRUCTOR(S)","TYPE","DAYS","TIME","BUILD","ROOM"
"Snyder, Samantha R.","Variable","","","",""
""
"SEAT","SID","SURNAME","PREFNAME","LEVEL","UNITS","CLASS","MAJOR","GRADE","STATUS","EMAIL"
""
"CID","TERM","SUBJ","CRSE","SEC","UNITS"
"46649","200610","ABC","375","14","1.000 - 5.000"
""
"INSTRUCTOR(S)","TYPE","DAYS","TIME","BUILD","ROOM"
"Williams, Juan L.","Variable","","","",""
""
"SEAT","SID","SURNAME","PREFNAME","LEVEL","UNITS","CLASS","MAJOR","GRADE","STATUS","EMAIL"
""
"CID","TERM","SUBJ","CRSE","SEC","UNITS"
"54049","200610","ABC","375","15","1.000 - 5.000"
""
"INSTRUCTOR(S)","TYPE","DAYS","TIME","BUILD","ROOM"
"Parker, Alejandro G.","Variable","","","",""
""
"SEAT","SID","SURNAME","PREFNAME","LEVEL","UNITS","CLASS","MAJOR","GRADE","STATUS","EMAIL"
""
"CID","TERM","SUBJ","CRSE","SEC","UNITS"
"68619","200610","ABC","375","17","1.000 - 5.000"
""
"INSTRUCTOR(S)","TYPE","DAYS","TIME","BUILD","ROOM"
"Rutledge, Ashley B.","Variable","","","",""
""
"SEAT","SID","SURNAME","PREFNAME","LEVEL","UNITS","CLASS","MAJOR","GRADE","STATUS","EMAIL"
""
"CID","TERM","SUBJ","CRSE","SEC","UNITS"
"22233","200610","ABC","375","18","1.000 - 5.000"
""
"INSTRUCTOR(S)","TYPE","DAYS","TIME","BUILD","ROOM"
"Cobb, Sophie A.","Variable","","","",""
""
"SEAT","SID","SURNAME","PREFNAME","LEVEL","UNITS","CLASS","MAJOR","GRADE","STATUS","EMAIL"
""
"CID","TERM","SUBJ","CRSE","SEC","UNITS"
"40782","200610","ABC","375","19","1.000 - 5.000"
""
"INSTRUCTOR(S)","TYPE","DAYS","TIME","BUILD","ROOM"
"Morris, Evan E.","Variable","","","",""
""
"SEAT","SID","SURNAME","PREFNAME","LEVEL","UNITS","CLASS","MAJOR","GRADE","STATUS","EMAIL"
""
"CID","TERM","SUBJ","CRSE","SEC","UNITS"
"85803","200610","ABC","375","20","1.000 - 5.000"
""
"INSTRUCTOR(S)","TYPE","DAYS","TIME","BUILD","ROOM"
"Green, Isabella M.","Variable","","","",""
""
"SEAT","SID","SURNAME","PREFNAME","LEVEL","UNITS","CLASS","MAJOR","GRADE","STATUS","EMAIL"
""
"CID","TERM","SUBJ","CRSE","SEC","UNITS"
"97472","200610","ABC","375","21","1.000 - 5.000"
""
"INSTRUCTOR(S)","TYPE","DAYS","TIME","BUILD","ROOM"
"Edwards, Maya N.","Variable","","","",""
""
"SEAT","SID","SURNAME","PREFNAME","LEVEL","UNITS","CLASS","MAJOR","GRADE","STATUS","EMAIL"
""
"CID","TERM","SUBJ","CRSE","SEC","UNITS"
"70958","200610","ABC","375","22","1.000 - 5.000"
""
"INSTRUCTOR(S)","TYPE","DAYS","TIME","BUILD","ROOM"
"Moore, Isabella M.","Variable","","","",""
""
"SEAT","SID","SURNAME","PREFNAME","LEVEL","UNITS","CLASS","MAJOR","GRADE","STATUS","EMAIL"
""
"CID","TERM","SUBJ","CRSE","SEC","UNITS"
"82472","200610","ABC","375","23","1.000 - 5.000"
""
"INSTRUCTOR(S)","TYPE","DAYS","TIME","BUILD","ROOM"
"Donaldson, Matthew C.","Variable","","","",""
""
"SEAT","SID","SURNAME","PREFNAME","LEVEL","UNITS","CLASS","MAJOR","GRADE","STATUS","EMAIL"
""
"CID","TERM","SUBJ","CRSE","SEC","UNITS"
"61095","200610","ABC","375","24","1.000 - 5.000"
""
"INSTRUCTOR(S)","TYPE","DAYS","TIME","BUILD","ROOM"
"Downs, Jesus C.","Variable","","","",""
""
"SEAT","SID","SURNAME","PREFNAME","LEVEL","UNITS","CLASS","MAJOR","GRADE","STATUS","EMAIL"
""
"CID","TERM","SUBJ","CRSE","SEC","UNITS"
"57456","200610","ABC","375","25","1.000 - 5.000"
""
"INSTRUCTOR(S)","TYPE","DAYS","TIME","BUILD","ROOM"
"Morales, Victoria E.","Variable","","","",""
""
"SEAT","SID","SURNAME","PREFNAME","LEVEL","UNITS","CLASS","MAJOR","GRADE","STATUS","EMAIL"
""
"CID","TERM","SUBJ","CRSE","SEC","UNITS"
"61282","200610","ABC","375","26","1.000 - 5.000"
""
"INSTRUCTOR(S)","TYPE","DAYS","TIME","BUILD","ROOM"
"Rogers, Emma J.","Variable","","","",""
""
"SEAT","SID","SURNAME","PREFNAME","LEVEL","UNITS","CLASS","MAJOR","GRADE","STATUS","EMAIL"
""
"CID","TERM","SUBJ","CRSE","SEC","UNITS"
"68295","200610","ABC","375","27","1.000 - 5.000"
""
"INSTRUCTOR(S)","TYPE","DAYS","TIME","BUILD","ROOM"
"Vinson, Dominic A.","Variable","","","",""
""
"SEAT","SID","SURNAME","PREFNAME","LEVEL","UNITS","CLASS","MAJOR","GRADE","STATUS","EMAIL"
""
"CID","TERM","SUBJ","CRSE","SEC","UNITS"
"86027","200610","ABC","375","28","1.000 - 5.000"
""
"INSTRUCTOR(S)","TYPE","DAYS","TIME","BUILD","ROOM"
"Reeves, Brayden L.","Variable","","","",""
""
"SEAT","SID","SURNAME","PREFNAME","LEVEL","UNITS","CLASS","MAJOR","GRADE","STATUS","EMAIL"
""
"CID","TERM","SUBJ","CRSE","SEC","UNITS"
"75601","200610","ABC","375","29","1.000 - 5.000"
""
"INSTRUCTOR(S)","TYPE","DAYS","TIME","BUILD","ROOM"
"Fisher, Caleb K.","Variable","","","",""
""
"SEAT","SID","SURNAME","PREFNAME","LEVEL","UNITS","CLASS","MAJOR","GRADE","STATUS","EMAIL"
""
"CID","TERM","SUBJ","CRSE","SEC","UNITS"
"47139","200610","ABC","375","30","1.000 - 5.000"
""
"INSTRUCTOR(S)","TYPE","DAYS","TIME","BUILD","ROOM"
"Davis, Xavier M.","Variable","","","",""
""
"SEAT","SID","SURNAME","PREFNAME","LEVEL","UNITS","CLASS","MAJOR","GRADE","STATUS","EMAIL"
""
"CID","TERM","SUBJ","CRSE","SEC","UNITS"
"44376","200610","ABC","375","31","1.000 - 5.000"
""
"INSTRUCTOR(S)","TYPE","DAYS","TIME","BUILD","ROOM"
"Miller, Liam M.","Variable","","","",""
""
"SEAT","SID","SURNAME","PREFNAME","LEVEL","UNITS","CLASS","MAJOR","GRADE","STATUS","EMAIL"
""
"CID","TERM","SUBJ","CRSE","SEC","UNITS"
"94061","200610","ABC","375","32","1.000 - 5.000"
""
"INSTRUCTOR(S)","TYPE","DAYS","TIME","BUILD","ROOM"
"White, Jose E.","Variable","","","",""
""
"SEAT","SID","SURNAME","PREFNAME","LEVEL","UNITS","CLASS","MAJOR","GRADE","STATUS","EMAIL"
""
"CID","TERM","SUBJ","CRSE","SEC","UNITS"
"51824","200610","ABC","375","33","1.000 - 5.000"
""
"INSTRUCTOR(S)","TYPE","DAYS","TIME","BUILD","ROOM"
"Carpenter, Grace S.","Variable","","","",""
""
"SEAT","SID","SURNAME","PREFNAME","LEVEL","UNITS","CLASS","MAJOR","GRADE","STATUS","EMAIL"
""
"CID","TERM","SUBJ","CRSE","SEC","UNITS"
"67025","200610","ABC","375","34","1.000 - 5.000"
""
"INSTRUCTOR(S)","TYPE","DAYS","TIME","BUILD","ROOM"
"","Variable","","","",""
""
"SEAT","SID","SURNAME","PREFNAME","LEVEL","UNITS","CLASS","MAJOR","GRADE","STATUS","EMAIL"
""
"CID","TERM","SUBJ","CRSE","SEC","UNITS"
"55473","200610","ABC","375","35","1.000 - 5.000"
""
"INSTRUCTOR(S)","TYPE","DAYS","TIME","BUILD","ROOM"
"Parsons, Mia E.","Variable","","","",""
""
"SEAT","SID","SURNAME","PREFNAME","LEVEL","UNITS","CLASS","MAJOR","GRADE","STATUS","EMAIL"
""
"CID","TERM","SUBJ","CRSE","SEC","UNITS"
"29158","200610","ABC","375","36","1.000 - 5.000"
""
"INSTRUCTOR(S)","TYPE","DAYS","TIME","BUILD","ROOM"
"Carpenter, Samantha J.","Variable","","","",""
""
"SEAT","SID","SURNAME","PREFNAME","LEVEL","UNITS","CLASS","MAJOR","GRADE","STATUS","EMAIL"
""
"CID","TERM","SUBJ","CRSE","SEC","UNITS"
"71117","200610","ABC","375","37","1.000 - 5.000"
""
"INSTRUCTOR(S)","TYPE","DAYS","TIME","BUILD","ROOM"
"Hill, Melody B.","Variable","","","",""
""
"SEAT","SID","SURNAME","PREFNAME","LEVEL","UNITS","CLASS","MAJOR","GRADE","STATUS","EMAIL"
""
"CID","TERM","SUBJ","CRSE","SEC","UNITS"
"37918","200610","ABC","375","38","1.000 - 5.000"
""
"INSTRUCTOR(S)","TYPE","DAYS","TIME","BUILD","ROOM"
"","Variable","","","",""
""
"SEAT","SID","SURNAME","PREFNAME","LEVEL","UNITS","CLASS","MAJOR","GRADE","STATUS","EMAIL"
""
"CID","TERM","SUBJ","CRSE","SEC","UNITS"
"82839","200610","ABC","375","39","1.000 - 5.000"
""
"INSTRUCTOR(S)","TYPE","DAYS","TIME","BUILD","ROOM"
"","Variable","","","",""
""
"SEAT","SID","SURNAME","PREFNAME","LEVEL","UNITS","CLASS","MAJOR","GRADE","STATUS","EMAIL"
""
"CID","TERM","SUBJ","CRSE","SEC","UNITS"
"68841","200610","ABC","375","40","1.000 - 5.000"
""
"INSTRUCTOR(S)","TYPE","DAYS","TIME","BUILD","ROOM"
"","Variable","","","",""
""
"SEAT","SID","SURNAME","PREFNAME","LEVEL","UNITS","CLASS","MAJOR","GRADE","STATUS","EMAIL"
""
"CID","TERM","SUBJ","CRSE","SEC","UNITS"
"75692","200610","ABC","375","41","1.000 - 5.000"
""
"INSTRUCTOR(S)","TYPE","DAYS","TIME","BUILD","ROOM"
"","Variable","","","",""
""
"SEAT","SID","SURNAME","PREFNAME","LEVEL","UNITS","CLASS","MAJOR","GRADE","STATUS","EMAIL"
""
"CID","TERM","SUBJ","CRSE","SEC","UNITS"
"92061","200610","ABC","375","42","1.000 - 5.000"
""
"INSTRUCTOR(S)","TYPE","DAYS","TIME","BUILD","ROOM"
"Witt, Noah A.","Variable","","","",""
""
"SEAT","SID","SURNAME","PREFNAME","LEVEL","UNITS","CLASS","MAJOR","GRADE","STATUS","EMAIL"
"1","192262318","Whitfield","Kayla","GR","4","D1","ABCG","S","RE","kayla.l.whitfield@fakeu.edu"
"2","747140491","Mcdonald","Carlos","GR","1","D1","ABCG","S","RE","carlos.h.mcdonald@fakeu.edu"
"3","368801182","Ortiz","Brayden","GR","1","GM","ABCG","S","RE","brayden.a.ortiz@fakeu.edu"
"4","993841961","Duncan","Elizabeth","GR","1","D2","ABCG","S","RE","elizabeth.d.duncan@fakeu.edu"
"5","160569396","Schmidt","Emma","GR","1","D1","DEFG","S","RE","emma.t.schmidt@fakeu.edu"
""
"CID","TERM","SUBJ","CRSE","SEC","UNITS"
"89373","200610","ABC","376","0","1.000 - 12.000"
""
"INSTRUCTOR(S)","TYPE","DAYS","TIME","BUILD","ROOM"
"","Variable","","","",""
""
"SEAT","SID","SURNAME","PREFNAME","LEVEL","UNITS","CLASS","MAJOR","GRADE","STATUS","EMAIL"
""
"CID","TERM","SUBJ","CRSE","SEC","UNITS"
"88990","200610","ABC","376","1","1.000 - 12.000"
""
"INSTRUCTOR(S)","TYPE","DAYS","TIME","BUILD","ROOM"
"","Variable","","","",""
""
"SEAT","SID","SURNAME","PREFNAME","LEVEL","UNITS","CLASS","MAJOR","GRADE","STATUS","EMAIL"
""
"CID","TERM","SUBJ","CRSE","SEC","UNITS"
"24468","200610","ABC","376","2","1.000 - 12.000"
""
"INSTRUCTOR(S)","TYPE","DAYS","TIME","BUILD","ROOM"
"Perry, Katherine V.","Variable","","","",""
""
"SEAT","SID","SURNAME","PREFNAME","LEVEL","UNITS","CLASS","MAJOR","GRADE","STATUS","EMAIL"
"1","868479012","Smith","Alan","GR","4","D1","ABCG","S","RE","alan.e.smith@fakeu.edu"
"2","264687619","Lewis","Jackson","GR","8","D1","ABCG","S","RE","jackson.l.lewis@fakeu.edu"
"3","326951437","Anderson","Savannah","GR","6","GM","ABCG","S","RE","savannah.a.anderson@fakeu.edu"
"4","624444209","Mcintosh","Miguel","GR","6","D1","ABCG","S","RE","miguel.l.mcintosh@fakeu.edu"
"5","102681056","Anthony","Caleb","GR","12","D1","ABCG","S","RE","caleb.i.anthony@fakeu.edu"
"6","258600258","Kirby","Scarlett","GR","12","D1","ABCG","S","RE","scarlett.a.kirby@fakeu.edu"
"7","938295850","Kelly","Kevin","GR","2","GM","ABCG","S","RE","kevin.j.kelly@fakeu.edu"
"8","967212612","Strickland","Aaron","GR","6","D1","ABCG","S","RE","aaron.a.strickland@fakeu.edu"
"9","683169456","Wood","Natalia","GR","1","D1","ABCG","S","RE","natalia.c.wood@fakeu.edu"
""
"CID","TERM","SUBJ","CRSE","SEC","UNITS"
"94154","200610","ABC","376","3","1.000 - 12.000"
""
"INSTRUCTOR(S)","TYPE","DAYS","TIME","BUILD","ROOM"
"Sullivan, Jordan H.","Variable","","","",""
""
"SEAT","SID","SURNAME","PREFNAME","LEVEL","UNITS","CLASS","MAJOR","GRADE","STATUS","EMAIL"
"1","813503487","Dominguez","Jason","GR","4","GM","ABCG","S","RE","jason.m.dominguez@fakeu.edu"
""
"CID","TERM","SUBJ","CRSE","SEC","UNITS"
"70094","200610","ABC","376","4","1.000 - 12.000"
""
"INSTRUCTOR(S)","TYPE","DAYS","TIME","BUILD","ROOM"
"Herring, Nathan L.","Variable","","","",""
""
"SEAT","SID","SURNAME","PREFNAME","LEVEL","UNITS","CLASS","MAJOR","GRADE","STATUS","EMAIL"
"1","530341080","Hill","Eduardo","GR","12","D2","ABCG","S","RE","eduardo.a.hill@fakeu.edu"
"2","815143091","Ramos","Ella","GR","8","D1","ABCG","S","RE","ella.h.ramos@fakeu.edu"
"3","501544136","Reed","Samantha","GR","12","D1","ABCG","S","RE","samantha.k.reed@fakeu.edu"
"4","942528988","Harris","Abigail","GR","12","D1","ABCG","S","RE","abigail.a.harris@fakeu.edu"
""
"CID","TERM","SUBJ","CRSE","SEC","UNITS"
"16802","200610","ABC","376","5","1.000 - 12.000"
""
"INSTRUCTOR(S)","TYPE","DAYS","TIME","BUILD","ROOM"
"Bennett, Henry A.","Variable","","","",""
""
"SEAT","SID","SURNAME","PREFNAME","LEVEL","UNITS","CLASS","MAJOR","GRADE","STATUS","EMAIL"
"1","814370910","Rivera","Ethan","GR","12","D1","ABCG","S","RE","ethan.j.rivera@fakeu.edu"
"2","104061231","Mcgowan","Sophie","GR","4","GM","ABCG","S","RE","sophie.t.mcgowan@fakeu.edu"
"3","634082921","Campbell","Stella","GR","9","D2","ABCG","S","RE","stella.l.campbell@fakeu.edu"
"4","302278571","Levine","Gavin","GR","8","D2","ABCG","S","RE","gavin.c.levine@fakeu.edu"
""
"CID","TERM","SUBJ","CRSE","SEC","UNITS"
"91591","200610","ABC","376","6","1.000 - 12.000"
""
"INSTRUCTOR(S)","TYPE","DAYS","TIME","BUILD","ROOM"
"Olson, Jennifer D.","Variable","","","",""
""
"SEAT","SID","SURNAME","PREFNAME","LEVEL","UNITS","CLASS","MAJOR","GRADE","STATUS","EMAIL"
"1","364661130","Davis","Gavin","GR","6","D1","ABCG","S","RE","gavin.j.davis@fakeu.edu"
"2","738799669","Wright","Abigail","GR","12","D1","ABCG","S","RE","abigail.i.wright@fakeu.edu"
"3","817441074","Tucker","Ethan","GR","12","D1","OT78","S","RE","ethan.m.tucker@fakeu.edu"
"4","659604885","Mitchell","Valerie","GR","12","D1","ABCG","S","RE","valerie.b.mitchell@fakeu.edu"
"5","298744992","Price","Zoey","GR","6","D1","ABCG","S","RE","zoey.j.price@fakeu.edu"
""
"CID","TERM","SUBJ","CRSE","SEC","UNITS"
"46220","200610","ABC","376","7","1.000 - 12.000"
""
"INSTRUCTOR(S)","TYPE","DAYS","TIME","BUILD","ROOM"
"Hayden, Ryan L.","Variable","","","",""
""
"SEAT","SID","SURNAME","PREFNAME","LEVEL","UNITS","CLASS","MAJOR","GRADE","STATUS","EMAIL"
""
"CID","TERM","SUBJ","CRSE","SEC","UNITS"
"38287","200610","ABC","376","8","1.000 - 12.000"
""
"INSTRUCTOR(S)","TYPE","DAYS","TIME","BUILD","ROOM"
"Battle, Gianna M.","Variable","","","",""
""
"SEAT","SID","SURNAME","PREFNAME","LEVEL","UNITS","CLASS","MAJOR","GRADE","STATUS","EMAIL"
"1","637811935","Cruz","Noah","GR","12","D2","ABCG","S","RE","noah.m.cruz@fakeu.edu"
"2","434205087","Tyler","Ariana","GR","6","D2","ABCG","S","RE","ariana.t.tyler@fakeu.edu"
"3","596157076","Rodriquez","David","GR","12","D2","ABCG","S","RE","david.s.rodriquez@fakeu.edu"
"4","139830326","Thompson","Aiden","GR","12","D1","ABCG","S","RE","aiden.e.thompson@fakeu.edu"
""
"CID","TERM","SUBJ","CRSE","SEC","UNITS"
"12294","200610","ABC","376","9","1.000 - 12.000"
""
"INSTRUCTOR(S)","TYPE","DAYS","TIME","BUILD","ROOM"
"Cox, Jayden L.","Variable","","","",""
""
"SEAT","SID","SURNAME","PREFNAME","LEVEL","UNITS","CLASS","MAJOR","GRADE","STATUS","EMAIL"
"1","315807007","Davis","Alyssa","GR","12","D2","ABCG","S","RE","alyssa.g.davis@fakeu.edu"
""
"CID","TERM","SUBJ","CRSE","SEC","UNITS"
"76111","200610","ABC","376","10","1.000 - 12.000"
""
"INSTRUCTOR(S)","TYPE","DAYS","TIME","BUILD","ROOM"
"Johnson, Abigail N.","Variable","","","",""
""
"SEAT","SID","SURNAME","PREFNAME","LEVEL","UNITS","CLASS","MAJOR","GRADE","STATUS","EMAIL"
"1","581826933","Smith","Jordan","GR","12","D2","ABCG","S","RE","jordan.z.smith@fakeu.edu"
"2","439219080","Moore","Hannah","GR","12","D2","ABCG","S","RE","hannah.n.moore@fakeu.edu"
"3","829177479","Nichols","Jesus","GR","4","D1","ABCG","S","RE","jesus.k.nichols@fakeu.edu"
"4","538968071","Perez","Michael","GR","8","D1","ABCG","S","RE","michael.j.perez@fakeu.edu"
"5","515498863","Wilson","Alyssa","GR","12","D1","ABCG","S","RE","alyssa.m.wilson@fakeu.edu"
"6","135642500","Henderson","Anthony","GR","4","D1","ABCG","S","RE","anthony.a.henderson@fakeu.edu"
"7","988012361","Mason","Alejandro","GR","12","D1","ABCG","S","RE","alejandro.a.mason@fakeu.edu"
"8","375259913","Thompson","David","GR","12","D1","ABCG","S","RE","david.d.thompson@fakeu.edu"
"9","574693960","Wall","William","GR","2","D1","ABCG","S","RE","william.a.wall@fakeu.edu"
"10","407875644","Lane","Juan","GR","8","D1","ABCG","S","RE","juan.c.lane@fakeu.edu"
"11","344162707","Scott","Samantha","GR","1","GM","ABCG","S","RE","samantha.a.scott@fakeu.edu"
"12","971301660","Allen","Zachary","GR","1","D1","ABCG","S","RE","zachary.l.allen@fakeu.edu"
"13","575054912","Reeves","Hunter","GR","12","D2","ABCG","S","RE","hunter.l.reeves@fakeu.edu"
"14","360491292","Walters","Elizabeth","GR","12","D1","ABCG","S","RE","elizabeth.w.walters@fakeu.edu"
"15","759892595","Hubbard","Julian","GR","12","D1","ABCG","S","RE","julian.l.hubbard@fakeu.edu"
"16","999625965","Pena","Giovanni","GR","12","GM","ABCG","S","RE","giovanni.g.pena@fakeu.edu"
"17","985402646","Spence","Nicholas","GR","3","GM","ABCG","S","RE","nicholas.v.spence@fakeu.edu"
"18","944244937","Graham","Ivan","GR","12","D1","ABCG","S","RE","ivan.h.graham@fakeu.edu"
""
"CID","TERM","SUBJ","CRSE","SEC","UNITS"
"90389","200610","ABC","376","11","1.000 - 12.000"
""
"INSTRUCTOR(S)","TYPE","DAYS","TIME","BUILD","ROOM"
"Reese, Ryan X.","Variable","","","",""
""
"SEAT","SID","SURNAME","PREFNAME","LEVEL","UNITS","CLASS","MAJOR","GRADE","STATUS","EMAIL"
""
"CID","TERM","SUBJ","CRSE","SEC","UNITS"
"83568","200610","ABC","376","12","1.000 - 12.000"
""
"INSTRUCTOR(S)","TYPE","DAYS","TIME","BUILD","ROOM"
"Larsen, Ava S.","Variable","","","",""
""
"SEAT","SID","SURNAME","PREFNAME","LEVEL","UNITS","CLASS","MAJOR","GRADE","STATUS","EMAIL"
""
"CID","TERM","SUBJ","CRSE","SEC","UNITS"
"80543","200610","ABC","376","13","1.000 - 12.000"
""
"INSTRUCTOR(S)","TYPE","DAYS","TIME","BUILD","ROOM"
"Snyder, Samantha R.","Variable","","","",""
""
"SEAT","SID","SURNAME","PREFNAME","LEVEL","UNITS","CLASS","MAJOR","GRADE","STATUS","EMAIL"
"1","855123553","Hart","Jeremiah","GR","12","D2","ABCG","S","RE","jeremiah.a.hart@fakeu.edu"
"2","927308007","Jones","James","GR","12","D2","ABCG","S","RE","james.l.jones@fakeu.edu"
"3","756394705","Reed","Victoria","GR","2","D1","ABCG","S","RE","victoria.a.reed@fakeu.edu"
"4","253184617","Stuart","Olivia","GR","8","D1","ABCG","S","RE","olivia.g.stuart@fakeu.edu"
"5","336123357","Patterson","Anthony","GR","4","D1","ABCG","S","RE","anthony.a.patterson@fakeu.edu"
""
"CID","TERM","SUBJ","CRSE","SEC","UNITS"
"83037","200610","ABC","376","14","1.000 - 12.000"
""
"INSTRUCTOR(S)","TYPE","DAYS","TIME","BUILD","ROOM"
"Williams, Juan L.","Variable","","","",""
""
"SEAT","SID","SURNAME","PREFNAME","LEVEL","UNITS","CLASS","MAJOR","GRADE","STATUS","EMAIL"
"1","997677005","Briggs","Ivan","GR","8","GM","ABCG","S","RE","ivan.i.briggs@fakeu.edu"
"2","759867625","Barker","Xavier","GR","2","GM","ABCG","S","RE","xavier.d.barker@fakeu.edu"
""
"CID","TERM","SUBJ","CRSE","SEC","UNITS"
"33096","200610","ABC","376","15","1.000 - 12.000"
""
"INSTRUCTOR(S)","TYPE","DAYS","TIME","BUILD","ROOM"
"Parker, Alejandro G.","Variable","","","",""
""
"SEAT","SID","SURNAME","PREFNAME","LEVEL","UNITS","CLASS","MAJOR","GRADE","STATUS","EMAIL"
"1","219506158","King","Aaron","GR","4","D1","ABCG","S","RE","aaron.a.king@fakeu.edu"
""
"CID","TERM","SUBJ","CRSE","SEC","UNITS"
"29558","200610","ABC","376","16","1.000 - 12.000"
""
"INSTRUCTOR(S)","TYPE","DAYS","TIME","BUILD","ROOM"
"Cox, Ayden C.","Variable","","","",""
""
"SEAT","SID","SURNAME","PREFNAME","LEVEL","UNITS","CLASS","MAJOR","GRADE","STATUS","EMAIL"
"1","314337786","Jones","Natalia","GR","12","D1","ABCG","S","RE","natalia.t.jones@fakeu.edu"
""
"CID","TERM","SUBJ","CRSE","SEC","UNITS"
"59957","200610","ABC","376","17","1.000 - 12.000"
""
"INSTRUCTOR(S)","TYPE","DAYS","TIME","BUILD","ROOM"
"Rutledge, Ashley B.","Variable","","","",""
""
"SEAT","SID","SURNAME","PREFNAME","LEVEL","UNITS","CLASS","MAJOR","GRADE","STATUS","EMAIL"
"1","422802537","Perez","Dylan","GR","12","D1","ABCG","S","RE","dylan.k.perez@fakeu.edu"
"2","983248724","Freeman","Brayden","GR","12","D2","ABCG","S","RE","brayden.r.freeman@fakeu.edu"
""
"CID","TERM","SUBJ","CRSE","SEC","UNITS"
"15261","200610","ABC","376","18","1.000 - 12.000"
""
"INSTRUCTOR(S)","TYPE","DAYS","TIME","BUILD","ROOM"
"Cobb, Sophie A.","Variable","","","",""
""
"SEAT","SID","SURNAME","PREFNAME","LEVEL","UNITS","CLASS","MAJOR","GRADE","STATUS","EMAIL"
""
"CID","TERM","SUBJ","CRSE","SEC","UNITS"
"36768","200610","ABC","376","19","1.000 - 12.000"
""
"INSTRUCTOR(S)","TYPE","DAYS","TIME","BUILD","ROOM"
"Morris, Evan E.","Variable","","","",""
""
"SEAT","SID","SURNAME","PREFNAME","LEVEL","UNITS","CLASS","MAJOR","GRADE","STATUS","EMAIL"
""
"CID","TERM","SUBJ","CRSE","SEC","UNITS"
"34193","200610","ABC","376","20","1.000 - 12.000"
""
"INSTRUCTOR(S)","TYPE","DAYS","TIME","BUILD","ROOM"
"Green, Isabella M.","Variable","","","",""
""
"SEAT","SID","SURNAME","PREFNAME","LEVEL","UNITS","CLASS","MAJOR","GRADE","STATUS","EMAIL"
"1","589552028","Campbell","Wyatt","GR","8","D2","ABCG","S","RE","wyatt.x.campbell@fakeu.edu"
"2","733454452","Rogers","Dylan","GR","2","GM","ABCG","S","RE","dylan.h.rogers@fakeu.edu"
"3","989680109","Howard","Madison","GR","3","D1","ABCG","S","RE","madison.s.howard@fakeu.edu"
"4","791412570","Livingston","Eric","GR","12","D1","ABCG","S","RE","eric.g.livingston@fakeu.edu"
"5","605225264","Miller","Dylan","GR","3","GM","ABCG","S","RE","dylan.j.miller@fakeu.edu"
"6","435511943","Bruce","Damian","GR","6","GM","ABCG","S","RE","damian.g.bruce@fakeu.edu"
"7","583056537","Hayes","Ivan","GR","3","D1","ABCG","S","RE","ivan.m.hayes@fakeu.edu"
"8","488213360","Miller","John","GR","1","D1","ABCG","S","RE","john.a.miller@fakeu.edu"
"9","518847734","Wilson","Kimberly","GR","7","GM","ABCG","S","RE","kimberly.m.wilson@fakeu.edu"
"10","844390479","Brown","Jason","GR","2","GM","ABCG","S","RE","jason.a.brown@fakeu.edu"
"11","826217593","Steele","Nevaeh","GR","12","D1","ABCG","S","RE","nevaeh.h.steele@fakeu.edu"
""
"CID","TERM","SUBJ","CRSE","SEC","UNITS"
"92668","200610","ABC","376","21","1.000 - 12.000"
""
"INSTRUCTOR(S)","TYPE","DAYS","TIME","BUILD","ROOM"
"Edwards, Maya N.","Variable","","","",""
""
"SEAT","SID","SURNAME","PREFNAME","LEVEL","UNITS","CLASS","MAJOR","GRADE","STATUS","EMAIL"
""
"CID","TERM","SUBJ","CRSE","SEC","UNITS"
"69696","200610","ABC","376","22","1.000 - 12.000"
""
"INSTRUCTOR(S)","TYPE","DAYS","TIME","BUILD","ROOM"
"Moore, Isabella M.","Variable","","","",""
""
"SEAT","SID","SURNAME","PREFNAME","LEVEL","UNITS","CLASS","MAJOR","GRADE","STATUS","EMAIL"
"1","419471863","Jones","Genesis","GR","8","D1","ABCG","S","RE","genesis.v.jones@fakeu.edu"
""
"CID","TERM","SUBJ","CRSE","SEC","UNITS"
"13453","200610","ABC","376","23","1.000 - 12.000"
""
"INSTRUCTOR(S)","TYPE","DAYS","TIME","BUILD","ROOM"
"Donaldson, Matthew C.","Variable","","","",""
""
"SEAT","SID","SURNAME","PREFNAME","LEVEL","UNITS","CLASS","MAJOR","GRADE","STATUS","EMAIL"
"1","385210362","Hutchinson","Ella","GR","1","D1","ABCG","S","RE","ella.v.hutchinson@fakeu.edu"
"2","458488865","Rose","Eli","GR","12","D1","ABCG","S","RE","eli.h.rose@fakeu.edu"
"3","907578058","Ellis","Jack","GR","4","GM","ABCG","S","RE","jack.h.ellis@fakeu.edu"
"4","827167680","Robbins","Juan","GR","12","D2","ABCG","S","RE","juan.h.robbins@fakeu.edu"
"5","478555178","Bennett","Michael","GR","2","D1","ABCG","S","RE","michael.n.bennett@fakeu.edu"
"6","195599336","Melton","Xavier","GR","2","D1","ABCG","S","RE","xavier.c.melton@fakeu.edu"
"7","373565177","Robinson","Sebastian","GR","6","D1","ABCG","S","RE","sebastian.s.robinson@fakeu.edu"
"8","625757645","Miller","Logan","GR","8","GM","ABCG","S","RE","logan.e.miller@fakeu.edu"
"9","829432584","Kelly","Melanie","GR","12","D2","ABCG","S","RE","melanie.s.kelly@fakeu.edu"
"10","670673091","Jones","Julian","GR","12","D2","ABCG","S","RE","julian.e.jones@fakeu.edu"
"11","222474107","Howard","William","GR","8","D1","ABCG","S","RE","william.c.howard@fakeu.edu"
"12","533601112","Kelley","Angelina","GR","12","GM","ABCG","S","RE","angelina.s.kelley@fakeu.edu"
""
"CID","TERM","SUBJ","CRSE","SEC","UNITS"
"30519","200610","ABC","376","24","1.000 - 12.000"
""
"INSTRUCTOR(S)","TYPE","DAYS","TIME","BUILD","ROOM"
"Downs, Jesus C.","Variable","","","",""
""
"SEAT","SID","SURNAME","PREFNAME","LEVEL","UNITS","CLASS","MAJOR","GRADE","STATUS","EMAIL"
"1","952000604","Johnson","Emma","GR","12","D2","ABCG","S","RE","emma.a.johnson@fakeu.edu"
"2","635750107","Martin","Michael","GR","12","D1","ABCG","S","RE","michael.a.martin@fakeu.edu"
"3","408191465","Moody","Camila","GR","12","D2","ABCG","S","RE","camila.a.moody@fakeu.edu"
"4","831120222","Barber","Jacob","GR","12","D2","ABCG","S","RE","jacob.e.barber@fakeu.edu"
"5","392452508","Russell","Daisy","GR","3","D1","ABCG","S","RE","daisy.s.russell@fakeu.edu"
"6","176712637","Long","Alexa","GR","4","D1","ABCG","S","RE","alexa.e.long@fakeu.edu"
"7","896395537","Young","Sophia","GR","4","D1","ABCG","S","RE","sophia.i.young@fakeu.edu"
"8","757334965","England","Jesus","GR","4","D1","ABCG","S","RE","jesus.o.england@fakeu.edu"
"9","144565109","Brooks","Carlos","GR","12","D1","ABCG","S","RE","carlos.s.brooks@fakeu.edu"
"10","675902722","Miranda","Austin","GR","12","D2","ABCG","S","RE","austin.j.miranda@fakeu.edu"
"11","493038406","Smith","Alexander","GR","3","GM","ABCG","S","RE","alexander.g.smith@fakeu.edu"
""
"CID","TERM","SUBJ","CRSE","SEC","UNITS"
"15609","200610","ABC","376","25","1.000 - 12.000"
""
"INSTRUCTOR(S)","TYPE","DAYS","TIME","BUILD","ROOM"
"Morales, Victoria E.","Variable","","","",""
""
"SEAT","SID","SURNAME","PREFNAME","LEVEL","UNITS","CLASS","MAJOR","GRADE","STATUS","EMAIL"
""
"CID","TERM","SUBJ","CRSE","SEC","UNITS"
"53805","200610","ABC","376","26","1.000 - 12.000"
""
"INSTRUCTOR(S)","TYPE","DAYS","TIME","BUILD","ROOM"
"Rogers, Emma J.","Variable","","","",""
""
"SEAT","SID","SURNAME","PREFNAME","LEVEL","UNITS","CLASS","MAJOR","GRADE","STATUS","EMAIL"
"1","259084709","Olson","Valeria","GR","12","D2","ABCG","S","RE","valeria.s.olson@fakeu.edu"
"2","325109081","Garza","Mia","GR","12","D2","ABCG","S","RE","mia.o.garza@fakeu.edu"
"3","721928167","Britt","Chloe","GR","3","D1","ABCG","S","RE","chloe.k.britt@fakeu.edu"
"4","680289794","Bailey","Elizabeth","GR","12","D1","ABCG","S","RE","elizabeth.b.bailey@fakeu.edu"
""
"CID","TERM","SUBJ","CRSE","SEC","UNITS"
"60019","200610","ABC","376","27","1.000 - 12.000"
""
"INSTRUCTOR(S)","TYPE","DAYS","TIME","BUILD","ROOM"
"Vinson, Dominic A.","Variable","","","",""
""
"SEAT","SID","SURNAME","PREFNAME","LEVEL","UNITS","CLASS","MAJOR","GRADE","STATUS","EMAIL"
"1","535141190","Camacho","Mateo","GR","2","D1","ABCG","S","RE","mateo.n.camacho@fakeu.edu"
"2","895782026","Morrison","Hailey","GR","4","D1","ABCG","S","RE","hailey.e.morrison@fakeu.edu"
""
"CID","TERM","SUBJ","CRSE","SEC","UNITS"
"16289","200610","ABC","376","28","1.000 - 12.000"
""
"INSTRUCTOR(S)","TYPE","DAYS","TIME","BUILD","ROOM"
"Reeves, Brayden L.","Variable","","","",""
""
"SEAT","SID","SURNAME","PREFNAME","LEVEL","UNITS","CLASS","MAJOR","GRADE","STATUS","EMAIL"
"1","690496261","Foreman","Eric","GR","12","D1","ABCG","S","RE","eric.s.foreman@fakeu.edu"
""
"CID","TERM","SUBJ","CRSE","SEC","UNITS"
"17552","200610","ABC","376","29","1.000 - 12.000"
""
"INSTRUCTOR(S)","TYPE","DAYS","TIME","BUILD","ROOM"
"Fisher, Caleb K.","Variable","","","",""
""
"SEAT","SID","SURNAME","PREFNAME","LEVEL","UNITS","CLASS","MAJOR","GRADE","STATUS","EMAIL"
"1","674371811","Davis","Ayden","GR","12","D2","ABCG","S","RE","ayden.j.davis1@fakeu.edu"
"2","945811142","Williams","Nicholas","GR","12","D2","ABCG","S","RE","nicholas.c.williams@fakeu.edu"
"3","261204935","Gray","Brandon","GR","12","D2","ABCG","S","RE","brandon.v.gray@fakeu.edu"
"4","148949377","Stuart","Evan","GR","1","GM","ABCG","S","RE","evan.e.stuart@fakeu.edu"
"5","524037132","Carlson","Gabriel","GR","4","D1","ABCG","S","RE","gabriel.c.carlson@fakeu.edu"
""
"CID","TERM","SUBJ","CRSE","SEC","UNITS"
"54702","200610","ABC","376","30","1.000 - 12.000"
""
"INSTRUCTOR(S)","TYPE","DAYS","TIME","BUILD","ROOM"
"Davis, Xavier M.","Variable","","","",""
""
"SEAT","SID","SURNAME","PREFNAME","LEVEL","UNITS","CLASS","MAJOR","GRADE","STATUS","EMAIL"
"1","478013939","Oliver","Isaac","GR","12","D2","ABCG","S","RE","isaac.j.oliver@fakeu.edu"
"2","290527015","Zimmerman","Matthew","GR","12","D2","ABCG","S","RE","matthew.e.zimmerman@fakeu.edu"
"3","153925494","Brown","Jose","GR","12","D2","ABCG","S","RE","jose.a.brown@fakeu.edu"
"4","955717760","Morgan","Victor","GR","12","D2","ABCG","S","RE","victor.s.morgan@fakeu.edu"
"5","293949354","Kirkland","Olivia","GR","4","D1","ABCG","S","RE","olivia.n.kirkland@fakeu.edu"
"6","375845469","Lambert","Hunter","GR","3","D1","ABCG","S","RE","hunter.m.lambert@fakeu.edu"
"7","515370435","Ellis","Tyler","GR","4","D1","ABCG","S","RE","tyler.l.ellis@fakeu.edu"
"8","744594498","Garrett","Thomas","GR","12","D2","ABCG","S","RE","thomas.a.garrett@fakeu.edu"
"9","848599227","Ayers","Brandon","GR","4","D1","ABCG","S","RE","brandon.k.ayers@fakeu.edu"
"10","670019417","Gutierrez","Elijah","GR","12","D1","ABCG","S","RE","elijah.e.gutierrez@fakeu.edu"
""
"CID","TERM","SUBJ","CRSE","SEC","UNITS"
"17099","200610","ABC","376","31","1.000 - 12.000"
""
"INSTRUCTOR(S)","TYPE","DAYS","TIME","BUILD","ROOM"
"Miller, Liam M.","Variable","","","",""
""
"SEAT","SID","SURNAME","PREFNAME","LEVEL","UNITS","CLASS","MAJOR","GRADE","STATUS","EMAIL"
""
"CID","TERM","SUBJ","CRSE","SEC","UNITS"
"28403","200610","ABC","376","32","1.000 - 12.000"
""
"INSTRUCTOR(S)","TYPE","DAYS","TIME","BUILD","ROOM"
"White, Jose E.","Variable","","","",""
""
"SEAT","SID","SURNAME","PREFNAME","LEVEL","UNITS","CLASS","MAJOR","GRADE","STATUS","EMAIL"
"1","386804666","Silva","Ayden","GR","12","D1","ABCG","S","RE","ayden.e.silva@fakeu.edu"
"2","206246608","Riddle","Chloe","GR","6","D1","ABCG","S","RE","chloe.a.riddle@fakeu.edu"
"3","993841961","Duncan","Elizabeth","GR","12","D2","ABCG","S","RE","elizabeth.d.duncan@fakeu.edu"
"4","747140491","Mcdonald","Carlos","GR","7","D1","ABCG","S","RE","carlos.h.mcdonald@fakeu.edu"
"5","132360675","Sanford","Andrew","GR","12","D2","ABCG","S","RE","andrew.s.sanford@fakeu.edu"
"6","474392257","Miller","Chloe","GR","12","D2","ABCG","S","RE","chloe.r.miller@fakeu.edu"
"7","241066698","Everett","Mia","GR","8","D1","ABCG","S","RE","mia.l.everett@fakeu.edu"
""
"CID","TERM","SUBJ","CRSE","SEC","UNITS"
"19311","200610","ABC","376","33","1.000 - 12.000"
""
"INSTRUCTOR(S)","TYPE","DAYS","TIME","BUILD","ROOM"
"Carpenter, Grace S.","Variable","","","",""
""
"SEAT","SID","SURNAME","PREFNAME","LEVEL","UNITS","CLASS","MAJOR","GRADE","STATUS","EMAIL"
"1","455724171","Rivera","David","GR","3","D1","ABCG","S","RE","david.j.rivera1@fakeu.edu"
"2","714337252","Gomez","Mason","GR","6","D1","ABCG","S","RE","mason.j.gomez@fakeu.edu"
"3","431371832","Baldwin","Ava","GR","12","D1","ABCG","S","RE","ava.w.baldwin@fakeu.edu"
"4","145470643","Keith","Brayden","GR","5","D1","ABCG","S","RE","brayden.a.keith@fakeu.edu"
"5","736804928","Palmer","Isabella","GR","12","D1","ABCG","S","RE","isabella.c.palmer@fakeu.edu"
""
"CID","TERM","SUBJ","CRSE","SEC","UNITS"
"40243","200610","ABC","376","34","1.000 - 12.000"
""
"INSTRUCTOR(S)","TYPE","DAYS","TIME","BUILD","ROOM"
"","Variable","","","",""
""
"SEAT","SID","SURNAME","PREFNAME","LEVEL","UNITS","CLASS","MAJOR","GRADE","STATUS","EMAIL"
""
"CID","TERM","SUBJ","CRSE","SEC","UNITS"
"16318","200610","ABC","376","35","1.000 - 12.000"
""
"INSTRUCTOR(S)","TYPE","DAYS","TIME","BUILD","ROOM"
"Parsons, Mia E.","Variable","","","",""
""
"SEAT","SID","SURNAME","PREFNAME","LEVEL","UNITS","CLASS","MAJOR","GRADE","STATUS","EMAIL"
"1","194554861","Jackson","Oliver","GR","12","D2","ABCG","S","RE","oliver.s.jackson@fakeu.edu"
"2","467762930","Christensen","Avery","GR","12","D2","ABCG","S","RE","avery.d.christensen@fakeu.edu"
"3","800337781","Young","Joshua","GR","2","D1","ABCG","S","RE","joshua.s.young@fakeu.edu"
"4","735464072","Richmond","Alan","GR","8","GM","ABCG","S","RE","alan.g.richmond@fakeu.edu"
"5","673443376","Holt","Andrew","GR","4","D1","ABCG","S","RE","andrew.a.holt@fakeu.edu"
""
"CID","TERM","SUBJ","CRSE","SEC","UNITS"
"36304","200610","ABC","376","36","1.000 - 12.000"
""
"INSTRUCTOR(S)","TYPE","DAYS","TIME","BUILD","ROOM"
"Carpenter, Samantha J.","Variable","","","",""
""
"SEAT","SID","SURNAME","PREFNAME","LEVEL","UNITS","CLASS","MAJOR","GRADE","STATUS","EMAIL"
"1","656939781","Williams","Abigail","GR","12","D2","ABCG","S","RE","abigail.t.williams@fakeu.edu"
"2","772412638","Paul","Wyatt","GR","8","GM","ABCG","S","RE","wyatt.r.paul@fakeu.edu"
"3","112517561","Harris","Joseph","GR","7","D1","ABCG","S","RE","joseph.a.harris@fakeu.edu"
"4","719554701","English","Vincent","GR","12","D1","OT78","S","RE","vincent.a.english@fakeu.edu"
"5","169141145","Wilson","Alex","GR","2","D1","ABCG","S","RE","alex.o.wilson@fakeu.edu"
"6","855513277","Beard","William","GR","8","D1","ABCG","S","RE","william.r.beard@fakeu.edu"
""
"CID","TERM","SUBJ","CRSE","SEC","UNITS"
"63819","200610","ABC","376","37","1.000 - 12.000"
""
"INSTRUCTOR(S)","TYPE","DAYS","TIME","BUILD","ROOM"
"Hill, Melody B.","Variable","","","",""
""
"SEAT","SID","SURNAME","PREFNAME","LEVEL","UNITS","CLASS","MAJOR","GRADE","STATUS","EMAIL"
"1","614778633","Bishop","Stephanie","GR","2","D1","ABCG","S","RE","stephanie.a.bishop1@fakeu.edu"
""
"CID","TERM","SUBJ","CRSE","SEC","UNITS"
"58987","200610","ABC","376","38","1.000 - 12.000"
""
"INSTRUCTOR(S)","TYPE","DAYS","TIME","BUILD","ROOM"
"","Variable","","","",""
""
"SEAT","SID","SURNAME","PREFNAME","LEVEL","UNITS","CLASS","MAJOR","GRADE","STATUS","EMAIL"
""
"CID","TERM","SUBJ","CRSE","SEC","UNITS"
"51099","200610","ABC","376","39","1.000 - 12.000"
""
"INSTRUCTOR(S)","TYPE","DAYS","TIME","BUILD","ROOM"
"","Variable","","","",""
""
"SEAT","SID","SURNAME","PREFNAME","LEVEL","UNITS","CLASS","MAJOR","GRADE","STATUS","EMAIL"
""
"CID","TERM","SUBJ","CRSE","SEC","UNITS"
"94376","200610","ABC","376","40","1.000 - 12.000"
""
"INSTRUCTOR(S)","TYPE","DAYS","TIME","BUILD","ROOM"
"","Variable","","","",""
""
"SEAT","SID","SURNAME","PREFNAME","LEVEL","UNITS","CLASS","MAJOR","GRADE","STATUS","EMAIL"
""
"CID","TERM","SUBJ","CRSE","SEC","UNITS"
"25210","200610","ABC","376","41","1.000 - 12.000"
""
"INSTRUCTOR(S)","TYPE","DAYS","TIME","BUILD","ROOM"
"","Variable","","","",""
""
"SEAT","SID","SURNAME","PREFNAME","LEVEL","UNITS","CLASS","MAJOR","GRADE","STATUS","EMAIL"
""
"CID","TERM","SUBJ","CRSE","SEC","UNITS"
"41884","200610","ABC","376","42","1.000 - 12.000"
""
"INSTRUCTOR(S)","TYPE","DAYS","TIME","BUILD","ROOM"
"Witt, Noah A.","Variable","","","",""
""
"SEAT","SID","SURNAME","PREFNAME","LEVEL","UNITS","CLASS","MAJOR","GRADE","STATUS","EMAIL"
""
"CID","TERM","SUBJ","CRSE","SEC","UNITS"
"25450","200610","ABC","376","43","1.000 - 12.000"
""
"INSTRUCTOR(S)","TYPE","DAYS","TIME","BUILD","ROOM"
"","Variable","","","",""
""
"SEAT","SID","SURNAME","PREFNAME","LEVEL","UNITS","CLASS","MAJOR","GRADE","STATUS","EMAIL"
""
"CID","TERM","SUBJ","CRSE","SEC","UNITS"
"22238","200610","ABC","376","44","1.000 - 12.000"
""
"INSTRUCTOR(S)","TYPE","DAYS","TIME","BUILD","ROOM"
"","Variable","","","",""
""
"SEAT","SID","SURNAME","PREFNAME","LEVEL","UNITS","CLASS","MAJOR","GRADE","STATUS","EMAIL"
""
"CID","TERM","SUBJ","CRSE","SEC","UNITS"
"82268","200610","ABC","376","45","1.000 - 12.000"
""
"INSTRUCTOR(S)","TYPE","DAYS","TIME","BUILD","ROOM"
"","Variable","","","",""
""
"SEAT","SID","SURNAME","PREFNAME","LEVEL","UNITS","CLASS","MAJOR","GRADE","STATUS","EMAIL"
""
"CID","TERM","SUBJ","CRSE","SEC","UNITS"
"23890","200610","ABC","376","46","1.000 - 12.000"
""
"INSTRUCTOR(S)","TYPE","DAYS","TIME","BUILD","ROOM"
"","Variable","","","",""
""
"SEAT","SID","SURNAME","PREFNAME","LEVEL","UNITS","CLASS","MAJOR","GRADE","STATUS","EMAIL"
""
"CID","TERM","SUBJ","CRSE","SEC","UNITS"
"39220","200610","ABC","376","47","1.000 - 12.000"
""
"INSTRUCTOR(S)","TYPE","DAYS","TIME","BUILD","ROOM"
"","Variable","","","",""
""
"SEAT","SID","SURNAME","PREFNAME","LEVEL","UNITS","CLASS","MAJOR","GRADE","STATUS","EMAIL"
""
"CID","TERM","SUBJ","CRSE","SEC","UNITS"
"30377","200610","ABC","376","48","1.000 - 12.000"
""
"INSTRUCTOR(S)","TYPE","DAYS","TIME","BUILD","ROOM"
"","Variable","","","",""
""
"SEAT","SID","SURNAME","PREFNAME","LEVEL","UNITS","CLASS","MAJOR","GRADE","STATUS","EMAIL"
""
"CID","TERM","SUBJ","CRSE","SEC","UNITS"
"52563","200610","ABC","376","49","1.000 - 12.000"
""
"INSTRUCTOR(S)","TYPE","DAYS","TIME","BUILD","ROOM"
"","Variable","","","",""
""
"SEAT","SID","SURNAME","PREFNAME","LEVEL","UNITS","CLASS","MAJOR","GRADE","STATUS","EMAIL"
""
"CID","TERM","SUBJ","CRSE","SEC","UNITS"
"23594","200610","ABC","376","50","1.000 - 12.000"
""
"INSTRUCTOR(S)","TYPE","DAYS","TIME","BUILD","ROOM"
"","Variable","","","",""
""
"SEAT","SID","SURNAME","PREFNAME","LEVEL","UNITS","CLASS","MAJOR","GRADE","STATUS","EMAIL"
""
"CID","TERM","SUBJ","CRSE","SEC","UNITS"
"74131","200610","ABC","376","51","1.000 - 12.000"
""
"INSTRUCTOR(S)","TYPE","DAYS","TIME","BUILD","ROOM"
"","Variable","","","",""
""
"SEAT","SID","SURNAME","PREFNAME","LEVEL","UNITS","CLASS","MAJOR","GRADE","STATUS","EMAIL"
""
"CID","TERM","SUBJ","CRSE","SEC","UNITS"
"37730","200610","ABC","376","52","1.000 - 12.000"
""
"INSTRUCTOR(S)","TYPE","DAYS","TIME","BUILD","ROOM"
"","Variable","","","",""
""
"SEAT","SID","SURNAME","PREFNAME","LEVEL","UNITS","CLASS","MAJOR","GRADE","STATUS","EMAIL"
""
"CID","TERM","SUBJ","CRSE","SEC","UNITS"
"61366","200610","ABC","376","53","1.000 - 12.000"
""
"INSTRUCTOR(S)","TYPE","DAYS","TIME","BUILD","ROOM"
"","Variable","","","",""
""
"SEAT","SID","SURNAME","PREFNAME","LEVEL","UNITS","CLASS","MAJOR","GRADE","STATUS","EMAIL"
""
"CID","TERM","SUBJ","CRSE","SEC","UNITS"
"82710","200610","ABC","376","54","1.000 - 12.000"
""
"INSTRUCTOR(S)","TYPE","DAYS","TIME","BUILD","ROOM"
"","Variable","","","",""
""
"SEAT","SID","SURNAME","PREFNAME","LEVEL","UNITS","CLASS","MAJOR","GRADE","STATUS","EMAIL"
""
"CID","TERM","SUBJ","CRSE","SEC","UNITS"
"37227","200610","ABC","376","55","1.000 - 12.000"
""
"INSTRUCTOR(S)","TYPE","DAYS","TIME","BUILD","ROOM"
"","Variable","","","",""
""
"SEAT","SID","SURNAME","PREFNAME","LEVEL","UNITS","CLASS","MAJOR","GRADE","STATUS","EMAIL"
""
"CID","TERM","SUBJ","CRSE","SEC","UNITS"
"77029","200610","ABC","378","0","1"
""
"INSTRUCTOR(S)","TYPE","DAYS","TIME","BUILD","ROOM"
"","Discussion","","","",""
""
"SEAT","SID","SURNAME","PREFNAME","LEVEL","UNITS","CLASS","MAJOR","GRADE","STATUS","EMAIL"
""
"CID","TERM","SUBJ","CRSE","SEC","UNITS"
"47785","200610","ABC","378","1","1"
""
"INSTRUCTOR(S)","TYPE","DAYS","TIME","BUILD","ROOM"
"Diaz, Michelle H.","Discussion","M","3:10 PM - 4:00 PM","MB5","1324"
""
"SEAT","SID","SURNAME","PREFNAME","LEVEL","UNITS","CLASS","MAJOR","GRADE","STATUS","EMAIL"
"1","326951437","Anderson","Savannah","GR","1","GM","ABCG","S","RE","savannah.a.anderson@fakeu.edu"
"2","521618666","Martinez","Dylan","GR","1","D1","ABCG","S","RE","dylan.s.martinez1@fakeu.edu"
"3","614778633","Bishop","Stephanie","GR","1","D1","ABCG","S","RE","stephanie.a.bishop1@fakeu.edu"
"4","298744992","Price","Zoey","GR","1","D1","ABCG","S","RE","zoey.j.price@fakeu.edu"
"5","478555178","Bennett","Michael","GR","1","D1","ABCG","S","RE","michael.n.bennett@fakeu.edu"
"6","195599336","Melton","Xavier","GR","1","D1","ABCG","S","RE","xavier.c.melton@fakeu.edu"
"7","535141190","Camacho","Mateo","GR","1","D1","ABCG","S","RE","mateo.n.camacho@fakeu.edu"
"8","441862431","Harper","Jocelyn","GR","1","D1","ABCG","S","RE","jocelyn.l.harper@fakeu.edu"
"9","148949377","Stuart","Evan","GR","1","GM","ABCG","S","RE","evan.e.stuart@fakeu.edu"
"10","307778488","Jenkins","David","GR","1","D1","ABCG","S","RE","david.a.jenkins@fakeu.edu"
"11","392452508","Russell","Daisy","GR","1","D1","ABCG","S","RE","daisy.s.russell@fakeu.edu"
"12","615059857","Gutierrez","Jordan","GR","1","D1","ABCG","S","RE","jordan.n.gutierrez@fakeu.edu"
"13","894018090","Sullivan","Alejandro","GR","1","D1","ABCG","S","RE","alejandro.j.sullivan@fakeu.edu"
"14","941071402","Ballard","Mason","GR","1","D1","ABCG","S","RE","mason.c.ballard@fakeu.edu"
"15","574693960","Wall","William","GR","1","D1","ABCG","S","RE","william.a.wall@fakeu.edu"
"16","373565177","Robinson","Sebastian","GR","1","D1","ABCG","S","RE","sebastian.s.robinson@fakeu.edu"
"17","104061231","Mcgowan","Sophie","GR","1","GM","ABCG","S","RE","sophie.t.mcgowan@fakeu.edu"
"18","800337781","Young","Joshua","GR","1","D1","ABCG","S","RE","joshua.s.young@fakeu.edu"
"19","477077409","Summers","Ethan","GR","1","D1","ABCG","S","RE","ethan.a.summers@fakeu.edu"
"20","756394705","Reed","Victoria","GR","1","D1","ABCG","S","RE","victoria.a.reed@fakeu.edu"
"21","977749376","Mccullough","Jacob","GR","1","D1","ABCG","S","RE","jacob.v.mccullough@fakeu.edu"
"22","938295850","Kelly","Kevin","GR","1","GM","ABCG","S","RE","kevin.j.kelly@fakeu.edu"
"23","504150278","Ramirez","Christian","GR","1","D1","ABCG","S","RE","christian.v.ramirez@fakeu.edu"
"24","993841961","Duncan","Elizabeth","GR","1","D2","ABCG","S","RE","elizabeth.d.duncan@fakeu.edu"
"25","759867625","Barker","Xavier","GR","1","GM","ABCG","S","RE","xavier.d.barker@fakeu.edu"
"26","169141145","Wilson","Alex","GR","1","D1","ABCG","S","RE","alex.o.wilson@fakeu.edu"
""
"CID","TERM","SUBJ","CRSE","SEC","UNITS"
"37593","200610","ABC","378","2","1"
""
"INSTRUCTOR(S)","TYPE","DAYS","TIME","BUILD","ROOM"
"Perry, Katherine V.","Discussion","","","",""
""
"SEAT","SID","SURNAME","PREFNAME","LEVEL","UNITS","CLASS","MAJOR","GRADE","STATUS","EMAIL"
""
"CID","TERM","SUBJ","CRSE","SEC","UNITS"
"28788","200610","ABC","378","3","1"
""
"INSTRUCTOR(S)","TYPE","DAYS","TIME","BUILD","ROOM"
"Sullivan, Jordan H.","Discussion","","","",""
""
"SEAT","SID","SURNAME","PREFNAME","LEVEL","UNITS","CLASS","MAJOR","GRADE","STATUS","EMAIL"
""
"CID","TERM","SUBJ","CRSE","SEC","UNITS"
"55409","200610","ABC","378","4","1"
""
"INSTRUCTOR(S)","TYPE","DAYS","TIME","BUILD","ROOM"
"Herring, Nathan L.","Discussion","","","",""
""
"SEAT","SID","SURNAME","PREFNAME","LEVEL","UNITS","CLASS","MAJOR","GRADE","STATUS","EMAIL"
""
"CID","TERM","SUBJ","CRSE","SEC","UNITS"
"75745","200610","ABC","378","5","1"
""
"INSTRUCTOR(S)","TYPE","DAYS","TIME","BUILD","ROOM"
"Bennett, Henry A.","Discussion","","","",""
""
"SEAT","SID","SURNAME","PREFNAME","LEVEL","UNITS","CLASS","MAJOR","GRADE","STATUS","EMAIL"
""
"CID","TERM","SUBJ","CRSE","SEC","UNITS"
"59070","200610","ABC","378","6","1"
""
"INSTRUCTOR(S)","TYPE","DAYS","TIME","BUILD","ROOM"
"Olson, Jennifer D.","Discussion","","","",""
""
"SEAT","SID","SURNAME","PREFNAME","LEVEL","UNITS","CLASS","MAJOR","GRADE","STATUS","EMAIL"
""
"CID","TERM","SUBJ","CRSE","SEC","UNITS"
"96355","200610","ABC","378","7","1"
""
"INSTRUCTOR(S)","TYPE","DAYS","TIME","BUILD","ROOM"
"Hayden, Ryan L.","Discussion","","","",""
""
"SEAT","SID","SURNAME","PREFNAME","LEVEL","UNITS","CLASS","MAJOR","GRADE","STATUS","EMAIL"
""
"CID","TERM","SUBJ","CRSE","SEC","UNITS"
"40957","200610","ABC","378","8","1"
""
"INSTRUCTOR(S)","TYPE","DAYS","TIME","BUILD","ROOM"
"Battle, Gianna M.","Discussion","","","",""
""
"SEAT","SID","SURNAME","PREFNAME","LEVEL","UNITS","CLASS","MAJOR","GRADE","STATUS","EMAIL"
""
"CID","TERM","SUBJ","CRSE","SEC","UNITS"
"42665","200610","ABC","378","9","1"
""
"INSTRUCTOR(S)","TYPE","DAYS","TIME","BUILD","ROOM"
"Cox, Jayden L.","Discussion","","","",""
""
"SEAT","SID","SURNAME","PREFNAME","LEVEL","UNITS","CLASS","MAJOR","GRADE","STATUS","EMAIL"
""
"CID","TERM","SUBJ","CRSE","SEC","UNITS"
"54056","200610","ABC","378","10","1"
""
"INSTRUCTOR(S)","TYPE","DAYS","TIME","BUILD","ROOM"
"Johnson, Abigail N.","Discussion","","","",""
""
"SEAT","SID","SURNAME","PREFNAME","LEVEL","UNITS","CLASS","MAJOR","GRADE","STATUS","EMAIL"
""
"CID","TERM","SUBJ","CRSE","SEC","UNITS"
"63699","200610","ABC","378","11","1"
""
"INSTRUCTOR(S)","TYPE","DAYS","TIME","BUILD","ROOM"
"Reese, Ryan X.","Discussion","","","",""
""
"SEAT","SID","SURNAME","PREFNAME","LEVEL","UNITS","CLASS","MAJOR","GRADE","STATUS","EMAIL"
""
"CID","TERM","SUBJ","CRSE","SEC","UNITS"
"51729","200610","ABC","378","12","1"
""
"INSTRUCTOR(S)","TYPE","DAYS","TIME","BUILD","ROOM"
"Larsen, Ava S.","Discussion","","","",""
""
"SEAT","SID","SURNAME","PREFNAME","LEVEL","UNITS","CLASS","MAJOR","GRADE","STATUS","EMAIL"
""
"CID","TERM","SUBJ","CRSE","SEC","UNITS"
"88026","200610","ABC","378","13","1"
""
"INSTRUCTOR(S)","TYPE","DAYS","TIME","BUILD","ROOM"
"Snyder, Samantha R.","Discussion","","","",""
""
"SEAT","SID","SURNAME","PREFNAME","LEVEL","UNITS","CLASS","MAJOR","GRADE","STATUS","EMAIL"
""
"CID","TERM","SUBJ","CRSE","SEC","UNITS"
"33690","200610","ABC","378","14","1"
""
"INSTRUCTOR(S)","TYPE","DAYS","TIME","BUILD","ROOM"
"Williams, Juan L.","Discussion","","","",""
""
"SEAT","SID","SURNAME","PREFNAME","LEVEL","UNITS","CLASS","MAJOR","GRADE","STATUS","EMAIL"
""
"CID","TERM","SUBJ","CRSE","SEC","UNITS"
"59972","200610","ABC","378","15","1"
""
"INSTRUCTOR(S)","TYPE","DAYS","TIME","BUILD","ROOM"
"Parker, Alejandro G.","Discussion","","","",""
""
"SEAT","SID","SURNAME","PREFNAME","LEVEL","UNITS","CLASS","MAJOR","GRADE","STATUS","EMAIL"
""
"CID","TERM","SUBJ","CRSE","SEC","UNITS"
"54032","200610","ABC","378","16","1"
""
"INSTRUCTOR(S)","TYPE","DAYS","TIME","BUILD","ROOM"
"Cox, Ayden C.","Discussion","","","",""
""
"SEAT","SID","SURNAME","PREFNAME","LEVEL","UNITS","CLASS","MAJOR","GRADE","STATUS","EMAIL"
""
"CID","TERM","SUBJ","CRSE","SEC","UNITS"
"32319","200610","ABC","378","17","1"
""
"INSTRUCTOR(S)","TYPE","DAYS","TIME","BUILD","ROOM"
"Rutledge, Ashley B.","Discussion","","","",""
""
"SEAT","SID","SURNAME","PREFNAME","LEVEL","UNITS","CLASS","MAJOR","GRADE","STATUS","EMAIL"
""
"CID","TERM","SUBJ","CRSE","SEC","UNITS"
"73135","200610","ABC","378","18","1"
""
"INSTRUCTOR(S)","TYPE","DAYS","TIME","BUILD","ROOM"
"Cobb, Sophie A.","Discussion","","","",""
""
"SEAT","SID","SURNAME","PREFNAME","LEVEL","UNITS","CLASS","MAJOR","GRADE","STATUS","EMAIL"
""
"CID","TERM","SUBJ","CRSE","SEC","UNITS"
"44032","200610","ABC","378","19","1"
""
"INSTRUCTOR(S)","TYPE","DAYS","TIME","BUILD","ROOM"
"Morris, Evan E.","Discussion","","","",""
""
"SEAT","SID","SURNAME","PREFNAME","LEVEL","UNITS","CLASS","MAJOR","GRADE","STATUS","EMAIL"
""
"CID","TERM","SUBJ","CRSE","SEC","UNITS"
"42329","200610","ABC","378","20","1"
""
"INSTRUCTOR(S)","TYPE","DAYS","TIME","BUILD","ROOM"
"Green, Isabella M.","Discussion","","","",""
""
"SEAT","SID","SURNAME","PREFNAME","LEVEL","UNITS","CLASS","MAJOR","GRADE","STATUS","EMAIL"
""
"CID","TERM","SUBJ","CRSE","SEC","UNITS"
"80814","200610","ABC","378","21","1"
""
"INSTRUCTOR(S)","TYPE","DAYS","TIME","BUILD","ROOM"
"Edwards, Maya N.","Discussion","","","",""
""
"SEAT","SID","SURNAME","PREFNAME","LEVEL","UNITS","CLASS","MAJOR","GRADE","STATUS","EMAIL"
""
"CID","TERM","SUBJ","CRSE","SEC","UNITS"
"58064","200610","ABC","378","22","1"
""
"INSTRUCTOR(S)","TYPE","DAYS","TIME","BUILD","ROOM"
"Moore, Isabella M.","Discussion","","","",""
""
"SEAT","SID","SURNAME","PREFNAME","LEVEL","UNITS","CLASS","MAJOR","GRADE","STATUS","EMAIL"
""
"CID","TERM","SUBJ","CRSE","SEC","UNITS"
"90501","200610","ABC","378","23","1"
""
"INSTRUCTOR(S)","TYPE","DAYS","TIME","BUILD","ROOM"
"Donaldson, Matthew C.","Discussion","","","",""
""
"SEAT","SID","SURNAME","PREFNAME","LEVEL","UNITS","CLASS","MAJOR","GRADE","STATUS","EMAIL"
""
"CID","TERM","SUBJ","CRSE","SEC","UNITS"
"49543","200610","ABC","378","24","1"
""
"INSTRUCTOR(S)","TYPE","DAYS","TIME","BUILD","ROOM"
"Downs, Jesus C.","Discussion","","","",""
""
"SEAT","SID","SURNAME","PREFNAME","LEVEL","UNITS","CLASS","MAJOR","GRADE","STATUS","EMAIL"
""
"CID","TERM","SUBJ","CRSE","SEC","UNITS"
"32255","200610","ABC","378","25","1"
""
"INSTRUCTOR(S)","TYPE","DAYS","TIME","BUILD","ROOM"
"Morales, Victoria E.","Discussion","","","",""
""
"SEAT","SID","SURNAME","PREFNAME","LEVEL","UNITS","CLASS","MAJOR","GRADE","STATUS","EMAIL"
""
"CID","TERM","SUBJ","CRSE","SEC","UNITS"
"11865","200610","ABC","378","26","1"
""
"INSTRUCTOR(S)","TYPE","DAYS","TIME","BUILD","ROOM"
"Rogers, Emma J.","Discussion","","","",""
""
"SEAT","SID","SURNAME","PREFNAME","LEVEL","UNITS","CLASS","MAJOR","GRADE","STATUS","EMAIL"
""
"CID","TERM","SUBJ","CRSE","SEC","UNITS"
"81988","200610","ABC","378","27","1"
""
"INSTRUCTOR(S)","TYPE","DAYS","TIME","BUILD","ROOM"
"Vinson, Dominic A.","Discussion","","","",""
""
"SEAT","SID","SURNAME","PREFNAME","LEVEL","UNITS","CLASS","MAJOR","GRADE","STATUS","EMAIL"
""
"CID","TERM","SUBJ","CRSE","SEC","UNITS"
"10439","200610","ABC","378","28","1"
""
"INSTRUCTOR(S)","TYPE","DAYS","TIME","BUILD","ROOM"
"Reeves, Brayden L.","Discussion","","","",""
""
"SEAT","SID","SURNAME","PREFNAME","LEVEL","UNITS","CLASS","MAJOR","GRADE","STATUS","EMAIL"
""
"CID","TERM","SUBJ","CRSE","SEC","UNITS"
"28062","200610","ABC","378","29","1"
""
"INSTRUCTOR(S)","TYPE","DAYS","TIME","BUILD","ROOM"
"Fisher, Caleb K.","Discussion","","","",""
""
"SEAT","SID","SURNAME","PREFNAME","LEVEL","UNITS","CLASS","MAJOR","GRADE","STATUS","EMAIL"
""
"CID","TERM","SUBJ","CRSE","SEC","UNITS"
"56320","200610","ABC","378","30","1"
""
"INSTRUCTOR(S)","TYPE","DAYS","TIME","BUILD","ROOM"
"Davis, Xavier M.","Discussion","","","",""
""
"SEAT","SID","SURNAME","PREFNAME","LEVEL","UNITS","CLASS","MAJOR","GRADE","STATUS","EMAIL"
""
"CID","TERM","SUBJ","CRSE","SEC","UNITS"
"24328","200610","ABC","378","31","1"
""
"INSTRUCTOR(S)","TYPE","DAYS","TIME","BUILD","ROOM"
"Miller, Liam M.","Discussion","","","",""
""
"SEAT","SID","SURNAME","PREFNAME","LEVEL","UNITS","CLASS","MAJOR","GRADE","STATUS","EMAIL"
""
"CID","TERM","SUBJ","CRSE","SEC","UNITS"
"64806","200610","ABC","378","32","1"
""
"INSTRUCTOR(S)","TYPE","DAYS","TIME","BUILD","ROOM"
"White, Jose E.","Discussion","","","",""
""
"SEAT","SID","SURNAME","PREFNAME","LEVEL","UNITS","CLASS","MAJOR","GRADE","STATUS","EMAIL"
""
"CID","TERM","SUBJ","CRSE","SEC","UNITS"
"33196","200610","ABC","378","33","1"
""
"INSTRUCTOR(S)","TYPE","DAYS","TIME","BUILD","ROOM"
"Carpenter, Grace S.","Discussion","","","",""
""
"SEAT","SID","SURNAME","PREFNAME","LEVEL","UNITS","CLASS","MAJOR","GRADE","STATUS","EMAIL"
""
"CID","TERM","SUBJ","CRSE","SEC","UNITS"
"87832","200610","ABC","378","34","1"
""
"INSTRUCTOR(S)","TYPE","DAYS","TIME","BUILD","ROOM"
"","Discussion","","","",""
""
"SEAT","SID","SURNAME","PREFNAME","LEVEL","UNITS","CLASS","MAJOR","GRADE","STATUS","EMAIL"
""
"CID","TERM","SUBJ","CRSE","SEC","UNITS"
"85140","200610","ABC","378","35","1"
""
"INSTRUCTOR(S)","TYPE","DAYS","TIME","BUILD","ROOM"
"Diaz, Michelle H.","Discussion","","","",""
""
"SEAT","SID","SURNAME","PREFNAME","LEVEL","UNITS","CLASS","MAJOR","GRADE","STATUS","EMAIL"
""
"CID","TERM","SUBJ","CRSE","SEC","UNITS"
"60396","200610","ABC","379","0","1.000 - 4.000"
""
"INSTRUCTOR(S)","TYPE","DAYS","TIME","BUILD","ROOM"
"","Variable","","","",""
""
"SEAT","SID","SURNAME","PREFNAME","LEVEL","UNITS","CLASS","MAJOR","GRADE","STATUS","EMAIL"
""
"CID","TERM","SUBJ","CRSE","SEC","UNITS"
"59543","200610","ABC","379","1","1.000 - 4.000"
""
"INSTRUCTOR(S)","TYPE","DAYS","TIME","BUILD","ROOM"
"","Variable","","","",""
""
"SEAT","SID","SURNAME","PREFNAME","LEVEL","UNITS","CLASS","MAJOR","GRADE","STATUS","EMAIL"
""
"CID","TERM","SUBJ","CRSE","SEC","UNITS"
"82785","200610","ABC","379","2","1.000 - 4.000"
""
"INSTRUCTOR(S)","TYPE","DAYS","TIME","BUILD","ROOM"
"Perry, Katherine V.","Variable","","","",""
""
"SEAT","SID","SURNAME","PREFNAME","LEVEL","UNITS","CLASS","MAJOR","GRADE","STATUS","EMAIL"
"1","967212612","Strickland","Aaron","GR","1","D1","ABCG","S","RE","aaron.a.strickland@fakeu.edu"
""
"CID","TERM","SUBJ","CRSE","SEC","UNITS"
"54426","200610","ABC","379","3","1.000 - 4.000"
""
"INSTRUCTOR(S)","TYPE","DAYS","TIME","BUILD","ROOM"
"Sullivan, Jordan H.","Variable","","","",""
""
"SEAT","SID","SURNAME","PREFNAME","LEVEL","UNITS","CLASS","MAJOR","GRADE","STATUS","EMAIL"
"1","813503487","Dominguez","Jason","GR","4","GM","ABCG","S","RE","jason.m.dominguez@fakeu.edu"
""
"CID","TERM","SUBJ","CRSE","SEC","UNITS"
"19217","200610","ABC","379","4","1.000 - 4.000"
""
"INSTRUCTOR(S)","TYPE","DAYS","TIME","BUILD","ROOM"
"Herring, Nathan L.","Variable","","","",""
""
"SEAT","SID","SURNAME","PREFNAME","LEVEL","UNITS","CLASS","MAJOR","GRADE","STATUS","EMAIL"
""
"CID","TERM","SUBJ","CRSE","SEC","UNITS"
"38396","200610","ABC","379","5","1.000 - 4.000"
""
"INSTRUCTOR(S)","TYPE","DAYS","TIME","BUILD","ROOM"
"Bennett, Henry A.","Variable","","","",""
""
"SEAT","SID","SURNAME","PREFNAME","LEVEL","UNITS","CLASS","MAJOR","GRADE","STATUS","EMAIL"
""
"CID","TERM","SUBJ","CRSE","SEC","UNITS"
"41707","200610","ABC","379","6","1.000 - 4.000"
""
"INSTRUCTOR(S)","TYPE","DAYS","TIME","BUILD","ROOM"
"Olson, Jennifer D.","Variable","","","",""
""
"SEAT","SID","SURNAME","PREFNAME","LEVEL","UNITS","CLASS","MAJOR","GRADE","STATUS","EMAIL"
""
"CID","TERM","SUBJ","CRSE","SEC","UNITS"
"62923","200610","ABC","379","7","1.000 - 4.000"
""
"INSTRUCTOR(S)","TYPE","DAYS","TIME","BUILD","ROOM"
"Hayden, Ryan L.","Variable","","","",""
""
"SEAT","SID","SURNAME","PREFNAME","LEVEL","UNITS","CLASS","MAJOR","GRADE","STATUS","EMAIL"
""
"CID","TERM","SUBJ","CRSE","SEC","UNITS"
"80845","200610","ABC","379","8","1.000 - 4.000"
""
"INSTRUCTOR(S)","TYPE","DAYS","TIME","BUILD","ROOM"
"Battle, Gianna M.","Variable","","","",""
""
"SEAT","SID","SURNAME","PREFNAME","LEVEL","UNITS","CLASS","MAJOR","GRADE","STATUS","EMAIL"
""
"CID","TERM","SUBJ","CRSE","SEC","UNITS"
"20157","200610","ABC","379","9","1.000 - 4.000"
""
"INSTRUCTOR(S)","TYPE","DAYS","TIME","BUILD","ROOM"
"Cox, Jayden L.","Variable","","","",""
""
"SEAT","SID","SURNAME","PREFNAME","LEVEL","UNITS","CLASS","MAJOR","GRADE","STATUS","EMAIL"
""
"CID","TERM","SUBJ","CRSE","SEC","UNITS"
"90220","200610","ABC","379","10","1.000 - 4.000"
""
"INSTRUCTOR(S)","TYPE","DAYS","TIME","BUILD","ROOM"
"Johnson, Abigail N.","Variable","","","",""
""
"SEAT","SID","SURNAME","PREFNAME","LEVEL","UNITS","CLASS","MAJOR","GRADE","STATUS","EMAIL"
""
"CID","TERM","SUBJ","CRSE","SEC","UNITS"
"71105","200610","ABC","379","11","1.000 - 4.000"
""
"INSTRUCTOR(S)","TYPE","DAYS","TIME","BUILD","ROOM"
"Reese, Ryan X.","Variable","","","",""
""
"SEAT","SID","SURNAME","PREFNAME","LEVEL","UNITS","CLASS","MAJOR","GRADE","STATUS","EMAIL"
""
"CID","TERM","SUBJ","CRSE","SEC","UNITS"
"58418","200610","ABC","379","12","1.000 - 4.000"
""
"INSTRUCTOR(S)","TYPE","DAYS","TIME","BUILD","ROOM"
"Larsen, Ava S.","Variable","","","",""
""
"SEAT","SID","SURNAME","PREFNAME","LEVEL","UNITS","CLASS","MAJOR","GRADE","STATUS","EMAIL"
"1","997677005","Briggs","Ivan","GR","4","GM","ABCG","S","RE","ivan.i.briggs@fakeu.edu"
""
"CID","TERM","SUBJ","CRSE","SEC","UNITS"
"96569","200610","ABC","379","13","1.000 - 4.000"
""
"INSTRUCTOR(S)","TYPE","DAYS","TIME","BUILD","ROOM"
"Snyder, Samantha R.","Variable","","","",""
""
"SEAT","SID","SURNAME","PREFNAME","LEVEL","UNITS","CLASS","MAJOR","GRADE","STATUS","EMAIL"
"1","245187169","Johnson","Zachary","GR","4","D1","ABCG","S","RE","zachary.p.johnson@fakeu.edu"
""
"CID","TERM","SUBJ","CRSE","SEC","UNITS"
"20752","200610","ABC","379","14","1.000 - 4.000"
""
"INSTRUCTOR(S)","TYPE","DAYS","TIME","BUILD","ROOM"
"Williams, Juan L.","Variable","","","",""
""
"SEAT","SID","SURNAME","PREFNAME","LEVEL","UNITS","CLASS","MAJOR","GRADE","STATUS","EMAIL"
"1","815143091","Ramos","Ella","GR","4","D1","ABCG","S","RE","ella.h.ramos@fakeu.edu"
""
"CID","TERM","SUBJ","CRSE","SEC","UNITS"
"10698","200610","ABC","379","15","1.000 - 4.000"
""
"INSTRUCTOR(S)","TYPE","DAYS","TIME","BUILD","ROOM"
"Parker, Alejandro G.","Variable","","","",""
""
"SEAT","SID","SURNAME","PREFNAME","LEVEL","UNITS","CLASS","MAJOR","GRADE","STATUS","EMAIL"
""
"CID","TERM","SUBJ","CRSE","SEC","UNITS"
"30578","200610","ABC","379","16","1.000 - 4.000"
""
"INSTRUCTOR(S)","TYPE","DAYS","TIME","BUILD","ROOM"
"Cox, Ayden C.","Variable","","","",""
""
"SEAT","SID","SURNAME","PREFNAME","LEVEL","UNITS","CLASS","MAJOR","GRADE","STATUS","EMAIL"
""
"CID","TERM","SUBJ","CRSE","SEC","UNITS"
"22192","200610","ABC","379","17","1.000 - 4.000"
""
"INSTRUCTOR(S)","TYPE","DAYS","TIME","BUILD","ROOM"
"Rutledge, Ashley B.","Variable","","","",""
""
"SEAT","SID","SURNAME","PREFNAME","LEVEL","UNITS","CLASS","MAJOR","GRADE","STATUS","EMAIL"
""
"CID","TERM","SUBJ","CRSE","SEC","UNITS"
"33559","200610","ABC","379","18","1.000 - 4.000"
""
"INSTRUCTOR(S)","TYPE","DAYS","TIME","BUILD","ROOM"
"Cobb, Sophie A.","Variable","","","",""
""
"SEAT","SID","SURNAME","PREFNAME","LEVEL","UNITS","CLASS","MAJOR","GRADE","STATUS","EMAIL"
""
"CID","TERM","SUBJ","CRSE","SEC","UNITS"
"16088","200610","ABC","379","19","1.000 - 4.000"
""
"INSTRUCTOR(S)","TYPE","DAYS","TIME","BUILD","ROOM"
"Morris, Evan E.","Variable","","","",""
""
"SEAT","SID","SURNAME","PREFNAME","LEVEL","UNITS","CLASS","MAJOR","GRADE","STATUS","EMAIL"
""
"CID","TERM","SUBJ","CRSE","SEC","UNITS"
"45959","200610","ABC","379","20","1.000 - 4.000"
""
"INSTRUCTOR(S)","TYPE","DAYS","TIME","BUILD","ROOM"
"Green, Isabella M.","Variable","","","",""
""
"SEAT","SID","SURNAME","PREFNAME","LEVEL","UNITS","CLASS","MAJOR","GRADE","STATUS","EMAIL"
""
"CID","TERM","SUBJ","CRSE","SEC","UNITS"
"80871","200610","ABC","379","21","1.000 - 4.000"
""
"INSTRUCTOR(S)","TYPE","DAYS","TIME","BUILD","ROOM"
"Edwards, Maya N.","Variable","","","",""
""
"SEAT","SID","SURNAME","PREFNAME","LEVEL","UNITS","CLASS","MAJOR","GRADE","STATUS","EMAIL"
""
"CID","TERM","SUBJ","CRSE","SEC","UNITS"
"48795","200610","ABC","379","22","1.000 - 4.000"
""
"INSTRUCTOR(S)","TYPE","DAYS","TIME","BUILD","ROOM"
"Moore, Isabella M.","Variable","","","",""
""
"SEAT","SID","SURNAME","PREFNAME","LEVEL","UNITS","CLASS","MAJOR","GRADE","STATUS","EMAIL"
""
"CID","TERM","SUBJ","CRSE","SEC","UNITS"
"56440","200610","ABC","379","23","1.000 - 4.000"
""
"INSTRUCTOR(S)","TYPE","DAYS","TIME","BUILD","ROOM"
"Donaldson, Matthew C.","Variable","","","",""
""
"SEAT","SID","SURNAME","PREFNAME","LEVEL","UNITS","CLASS","MAJOR","GRADE","STATUS","EMAIL"
"1","602914937","Wright","Camila","GR","4","GM","ABCG","S","RE","camila.s.wright1@fakeu.edu"
"2","392452508","Russell","Daisy","GR","4","D1","ABCG","S","RE","daisy.s.russell@fakeu.edu"
"3","977749376","Mccullough","Jacob","GR","4","D1","ABCG","S","RE","jacob.v.mccullough@fakeu.edu"
""
"CID","TERM","SUBJ","CRSE","SEC","UNITS"
"17090","200610","ABC","379","24","1.000 - 4.000"
""
"INSTRUCTOR(S)","TYPE","DAYS","TIME","BUILD","ROOM"
"Downs, Jesus C.","Variable","","","",""
""
"SEAT","SID","SURNAME","PREFNAME","LEVEL","UNITS","CLASS","MAJOR","GRADE","STATUS","EMAIL"
"1","268617894","Holt","Benjamin","GR","4","D1","ABCG","S","RE","benjamin.s.holt@fakeu.edu"
""
"CID","TERM","SUBJ","CRSE","SEC","UNITS"
"72347","200610","ABC","379","25","1.000 - 4.000"
""
"INSTRUCTOR(S)","TYPE","DAYS","TIME","BUILD","ROOM"
"Morales, Victoria E.","Variable","","","",""
""
"SEAT","SID","SURNAME","PREFNAME","LEVEL","UNITS","CLASS","MAJOR","GRADE","STATUS","EMAIL"
""
"CID","TERM","SUBJ","CRSE","SEC","UNITS"
"10745","200610","ABC","379","26","1.000 - 4.000"
""
"INSTRUCTOR(S)","TYPE","DAYS","TIME","BUILD","ROOM"
"Rogers, Emma J.","Variable","","","",""
""
"SEAT","SID","SURNAME","PREFNAME","LEVEL","UNITS","CLASS","MAJOR","GRADE","STATUS","EMAIL"
""
"CID","TERM","SUBJ","CRSE","SEC","UNITS"
"15190","200610","ABC","379","27","1.000 - 4.000"
""
"INSTRUCTOR(S)","TYPE","DAYS","TIME","BUILD","ROOM"
"Vinson, Dominic A.","Variable","","","",""
""
"SEAT","SID","SURNAME","PREFNAME","LEVEL","UNITS","CLASS","MAJOR","GRADE","STATUS","EMAIL"
""
"CID","TERM","SUBJ","CRSE","SEC","UNITS"
"81481","200610","ABC","379","28","1.000 - 4.000"
""
"INSTRUCTOR(S)","TYPE","DAYS","TIME","BUILD","ROOM"
"Reeves, Brayden L.","Variable","","","",""
""
"SEAT","SID","SURNAME","PREFNAME","LEVEL","UNITS","CLASS","MAJOR","GRADE","STATUS","EMAIL"
""
"CID","TERM","SUBJ","CRSE","SEC","UNITS"
"65676","200610","ABC","379","29","1.000 - 4.000"
""
"INSTRUCTOR(S)","TYPE","DAYS","TIME","BUILD","ROOM"
"Fisher, Caleb K.","Variable","","","",""
""
"SEAT","SID","SURNAME","PREFNAME","LEVEL","UNITS","CLASS","MAJOR","GRADE","STATUS","EMAIL"
"1","307778488","Jenkins","David","GR","4","D1","ABCG","S","RE","david.a.jenkins@fakeu.edu"
"2","302278571","Levine","Gavin","GR","4","D2","ABCG","S","RE","gavin.c.levine@fakeu.edu"
""
"CID","TERM","SUBJ","CRSE","SEC","UNITS"
"77269","200610","ABC","379","30","1.000 - 4.000"
""
"INSTRUCTOR(S)","TYPE","DAYS","TIME","BUILD","ROOM"
"Davis, Xavier M.","Variable","","","",""
""
"SEAT","SID","SURNAME","PREFNAME","LEVEL","UNITS","CLASS","MAJOR","GRADE","STATUS","EMAIL"
""
"CID","TERM","SUBJ","CRSE","SEC","UNITS"
"85821","200610","ABC","379","31","1.000 - 4.000"
""
"INSTRUCTOR(S)","TYPE","DAYS","TIME","BUILD","ROOM"
"Miller, Liam M.","Variable","","","",""
""
"SEAT","SID","SURNAME","PREFNAME","LEVEL","UNITS","CLASS","MAJOR","GRADE","STATUS","EMAIL"
""
"CID","TERM","SUBJ","CRSE","SEC","UNITS"
"16373","200610","ABC","379","32","1.000 - 4.000"
""
"INSTRUCTOR(S)","TYPE","DAYS","TIME","BUILD","ROOM"
"White, Jose E.","Variable","","","",""
""
"SEAT","SID","SURNAME","PREFNAME","LEVEL","UNITS","CLASS","MAJOR","GRADE","STATUS","EMAIL"
""
"CID","TERM","SUBJ","CRSE","SEC","UNITS"
"12893","200610","ABC","379","33","1.000 - 4.000"
""
"INSTRUCTOR(S)","TYPE","DAYS","TIME","BUILD","ROOM"
"Carpenter, Grace S.","Variable","","","",""
""
"SEAT","SID","SURNAME","PREFNAME","LEVEL","UNITS","CLASS","MAJOR","GRADE","STATUS","EMAIL"
""
"CID","TERM","SUBJ","CRSE","SEC","UNITS"
"69224","200610","ABC","379","34","1.000 - 4.000"
""
"INSTRUCTOR(S)","TYPE","DAYS","TIME","BUILD","ROOM"
"Diaz, Michelle H.","Variable","","","",""
""
"SEAT","SID","SURNAME","PREFNAME","LEVEL","UNITS","CLASS","MAJOR","GRADE","STATUS","EMAIL"
"1","192262318","Whitfield","Kayla","GR","4","D1","ABCG","S","RE","kayla.l.whitfield@fakeu.edu"
"2","257722978","Dillon","Addison","GR","4","D1","ABCG","S","RE","addison.l.dillon@fakeu.edu"
""
"CID","TERM","SUBJ","CRSE","SEC","UNITS"
"23620","200610","ABC","379","35","1.000 - 4.000"
""
"INSTRUCTOR(S)","TYPE","DAYS","TIME","BUILD","ROOM"
"Parsons, Mia E.","Variable","","","",""
""
"SEAT","SID","SURNAME","PREFNAME","LEVEL","UNITS","CLASS","MAJOR","GRADE","STATUS","EMAIL"
""
"CID","TERM","SUBJ","CRSE","SEC","UNITS"
"41885","200610","ABC","379","36","1.000 - 4.000"
""
"INSTRUCTOR(S)","TYPE","DAYS","TIME","BUILD","ROOM"
"Carpenter, Samantha J.","Variable","","","",""
""
"SEAT","SID","SURNAME","PREFNAME","LEVEL","UNITS","CLASS","MAJOR","GRADE","STATUS","EMAIL"
""
"CID","TERM","SUBJ","CRSE","SEC","UNITS"
"95921","200610","ABC","379","37","1.000 - 4.000"
""
"INSTRUCTOR(S)","TYPE","DAYS","TIME","BUILD","ROOM"
"Hill, Melody B.","Variable","","","",""
""
"SEAT","SID","SURNAME","PREFNAME","LEVEL","UNITS","CLASS","MAJOR","GRADE","STATUS","EMAIL"
""
"CID","TERM","SUBJ","CRSE","SEC","UNITS"
"61573","200610","ABC","379","38","1.000 - 4.000"
""
"INSTRUCTOR(S)","TYPE","DAYS","TIME","BUILD","ROOM"
"","Variable","","","",""
""
"SEAT","SID","SURNAME","PREFNAME","LEVEL","UNITS","CLASS","MAJOR","GRADE","STATUS","EMAIL"
""
"CID","TERM","SUBJ","CRSE","SEC","UNITS"
"39022","200610","ABC","379","39","1.000 - 4.000"
""
"INSTRUCTOR(S)","TYPE","DAYS","TIME","BUILD","ROOM"
"","Variable","","","",""
""
"SEAT","SID","SURNAME","PREFNAME","LEVEL","UNITS","CLASS","MAJOR","GRADE","STATUS","EMAIL"
"1","140169287","Giles","Christian","GR","4","GM","ABCG","S","RE","christian.d.giles@fakeu.edu"
""
"CID","TERM","SUBJ","CRSE","SEC","UNITS"
"44680","200610","ABC","379","40","1.000 - 4.000"
""
"INSTRUCTOR(S)","TYPE","DAYS","TIME","BUILD","ROOM"
"","Variable","","","",""
""
"SEAT","SID","SURNAME","PREFNAME","LEVEL","UNITS","CLASS","MAJOR","GRADE","STATUS","EMAIL"
"1","256096756","Butler","Joseph","GR","4","D1","ABCG","S","RE","joseph.d.butler@fakeu.edu"
""
"CID","TERM","SUBJ","CRSE","SEC","UNITS"
"29964","200610","ABC","379","41","1.000 - 4.000"
""
"INSTRUCTOR(S)","TYPE","DAYS","TIME","BUILD","ROOM"
"","Variable","","","",""
""
"SEAT","SID","SURNAME","PREFNAME","LEVEL","UNITS","CLASS","MAJOR","GRADE","STATUS","EMAIL"
"1","907578058","Ellis","Jack","GR","4","GM","ABCG","S","RE","jack.h.ellis@fakeu.edu"
""
"CID","TERM","SUBJ","CRSE","SEC","UNITS"
"22886","200610","ABC","379","42","1.000 - 4.000"
""
"INSTRUCTOR(S)","TYPE","DAYS","TIME","BUILD","ROOM"
"Witt, Noah A.","Variable","","","",""
""
"SEAT","SID","SURNAME","PREFNAME","LEVEL","UNITS","CLASS","MAJOR","GRADE","STATUS","EMAIL"
""
"CID","TERM","SUBJ","CRSE","SEC","UNITS"
"30397","200610","ABC","379","43","1.000 - 4.000"
""
"INSTRUCTOR(S)","TYPE","DAYS","TIME","BUILD","ROOM"
"","Variable","","","",""
""
"SEAT","SID","SURNAME","PREFNAME","LEVEL","UNITS","CLASS","MAJOR","GRADE","STATUS","EMAIL"
""
"CID","TERM","SUBJ","CRSE","SEC","UNITS"
"42344","200610","ABC","379","44","1.000 - 4.000"
""
"INSTRUCTOR(S)","TYPE","DAYS","TIME","BUILD","ROOM"
"","Variable","","","",""
""
"SEAT","SID","SURNAME","PREFNAME","LEVEL","UNITS","CLASS","MAJOR","GRADE","STATUS","EMAIL"
""
"CID","TERM","SUBJ","CRSE","SEC","UNITS"
"72993","200610","ABC","379","45","1.000 - 4.000"
""
"INSTRUCTOR(S)","TYPE","DAYS","TIME","BUILD","ROOM"
"","Variable","","","",""
""
"SEAT","SID","SURNAME","PREFNAME","LEVEL","UNITS","CLASS","MAJOR","GRADE","STATUS","EMAIL"
""
"CID","TERM","SUBJ","CRSE","SEC","UNITS"
"98698","200610","ABC","379","46","1.000 - 4.000"
""
"INSTRUCTOR(S)","TYPE","DAYS","TIME","BUILD","ROOM"
"","Variable","","","",""
""
"SEAT","SID","SURNAME","PREFNAME","LEVEL","UNITS","CLASS","MAJOR","GRADE","STATUS","EMAIL"
""
"CID","TERM","SUBJ","CRSE","SEC","UNITS"
"55769","200610","DEF","101","1","1"
""
"INSTRUCTOR(S)","TYPE","DAYS","TIME","BUILD","ROOM"
"Davenport, Jackson L.","Lecture","T","9:00 AM - 9:50 AM","MB5","1332"
""
"SEAT","SID","SURNAME","PREFNAME","LEVEL","UNITS","CLASS","MAJOR","GRADE","STATUS","EMAIL"
"1","527362561","Hamilton","Brooklyn","UG","1","SO","ABC2","P","RE","brooklyn.n.hamilton@fakeu.edu"
"2","553579201","Russell","Bella","UG","1","SR","DEF2","P","RE","bella.a.russell@fakeu.edu"
"3","890006043","Huber","Michael","UG","1","SR","DEF1","P","RE","michael.a.huber@fakeu.edu"
"4","419999450","Castaneda","Isaac","UG","1","SR","DEF1","P","RE","isaac.h.castaneda@fakeu.edu"
"5","214492803","Griffin","Arianna","UG","1","JR","DEF1","NP","RE","arianna.l.griffin@fakeu.edu"
"6","549678619","Benjamin","Alexander","UG","1","JR","OT16","P","RE","alexander.i.benjamin@fakeu.edu"
"7","142154330","Reyes","Alan","UG","1","SO","DEF1","P","RE","alan.j.reyes@fakeu.edu"
"8","326135058","Bell","Layla","UG","1","SO","DEF2","P","RE","layla.g.bell@fakeu.edu"
"9","592779480","Kemp","Diego","UG","1","SO","OT16","P","RE","diego.d.kemp@fakeu.edu"
"10","796644694","Alvarez","Evan","UG","1","SO","O238","P","RE","evan.n.alvarez@fakeu.edu"
"11","139358574","Martin","Brandon","UG","1","SO","OT26","P","RE","brandon.g.martin@fakeu.edu"
"12","400250398","Olson","Giselle","UG","1","SO","DEF1","P","RE","giselle.e.olson@fakeu.edu"
"13","823232670","Carr","Jeremiah","UG","1","SO","ABC2","NP","RE","jeremiah.s.carr@fakeu.edu"
"14","149372971","Jones","Aaron","UG","1","SO","ABC2","P","RE","aaron.a.jones1@fakeu.edu"
"15","142969512","Simpson","Alexandra","UG","1","SO","ABC2","P","RE","alexandra.s.simpson@fakeu.edu"
"16","652057782","Graves","Aubrey","UG","1","SR","DEF1","P","RE","aubrey.s.graves@fakeu.edu"
"17","100129679","Wilkerson","Valentina","UG","1","JR","O238","P","RE","valentina.m.wilkerson@fakeu.edu"
"18","201854121","Tillman","Eli","UG","1","FR","ABC1","P","RE","eli.j.tillman@fakeu.edu"
"19","441890404","Barnes","Angela","UG","1","FR","OT68","NP","RE","angela.h.barnes@fakeu.edu"
"20","267440539","Thompson","Juan","UG","1","FR","OT42","P","RE","juan.k.thompson@fakeu.edu"
"21","865466413","Richardson","Jade","UG","1","FR","OT35","P","RE","jade.l.richardson@fakeu.edu"
"22","715770182","Allen","Zoey","UG","1","FR","OT16","P","RE","zoey.r.allen@fakeu.edu"
"23","884552771","Kelly","Levi","UG","1","SO","OT16","P","RE","levi.y.kelly@fakeu.edu"
"24","841843919","Carson","Melanie","UG","1","FR","O181","P","RE","melanie.a.carson@fakeu.edu"
"25","657424334","Small","Eduardo","UG","1","FR","ABC1","P","RE","eduardo.h.small@fakeu.edu"
"26","238476668","Harrison","Jackson","UG","1","SO","OT16","P","RE","jackson.a.harrison@fakeu.edu"
"27","244114277","Parsons","Kimberly","UG","1","FR","OT26","P","RE","kimberly.n.parsons@fakeu.edu"
"28","933098242","Miller","Brandon","UG","1","FR","OT26","P","RE","brandon.e.miller1@fakeu.edu"
"29","549205070","Turner","Justin","UG","1","FR","O239","P","RE","justin.a.turner@fakeu.edu"
"30","623707789","Griffith","Emma","UG","1","SO","DEF2","P","RE","emma.n.griffith@fakeu.edu"
"31","342539328","Martin","Logan","UG","1","FR","DEF1","P","RE","logan.l.martin@fakeu.edu"
"32","875578284","James","Isabella","UG","1","FR","DEF1","NP","RE","isabella.m.james@fakeu.edu"
"33","321404406","Cantrell","Zoe","UG","1","FR","DEF2","P","RE","zoe.l.cantrell@fakeu.edu"
"34","887173011","Fernandez","Steven","UG","1","FR","DEF2","P","RE","steven.j.fernandez@fakeu.edu"
"35","208323034","Stout","Daniel","UG","1","FR","DEF2","P","RE","daniel.e.stout@fakeu.edu"
"36","497639199","Stanley","Christian","UG","1","FR","DEF1","P","RE","christian.n.stanley@fakeu.edu"
"37","570458321","Larson","Melody","UG","1","FR","DEF2","P","RE","melody.w.larson@fakeu.edu"
"38","754089420","Nolan","Mason","UG","1","FR","DEF2","P","RE","mason.c.nolan@fakeu.edu"
"39","683606708","Henry","Nathan","UG","1","FR","DEF1","P","RE","nathan.s.henry@fakeu.edu"
"40","433227224","Valenzuela","Vincent","UG","1","FR","DEF2","P","RE","vincent.s.valenzuela@fakeu.edu"
"41","184372720","Brown","Hunter","UG","1","FR","DEF1","NP","RE","hunter.c.brown@fakeu.edu"
"42","601485087","Perry","Melanie","UG","1","FR","DEF1","P","RE","melanie.a.perry@fakeu.edu"
"43","568725953","Hansen","Natalie","UG","1","FR","DEF2","P","RE","natalie.z.hansen@fakeu.edu"
"44","935353525","Hall","Steven","UG","1","FR","DEF1","Y","RE","steven.m.hall@fakeu.edu"
"45","551002680","Martin","Chloe","UG","1","FR","DEF2","P","RE","chloe.r.martin@fakeu.edu"
"46","861633480","Hanson","Nathaniel","UG","1","FR","DEF1","P","RE","nathaniel.l.hanson@fakeu.edu"
"47","282260538","Workman","Isaiah","UG","1","FR","DEF1","P","RE","isaiah.n.workman@fakeu.edu"
"48","255925060","Turner","Ryan","UG","1","FR","ABC2","Y","RE","ryan.l.turner@fakeu.edu"
"49","271601339","Horne","Brianna","UG","1","FR","DEF1","Y","RE","brianna.m.horne@fakeu.edu"
"50","531836596","Buck","Eduardo","UG","1","FR","OTH7","P","RE","eduardo.l.buck@fakeu.edu"
"51","864898006","Tucker","Nicholas","UG","1","FR","DEF2","I","RE","nicholas.l.tucker@fakeu.edu"
"52","746598347","Spencer","Valerie","UG","1","FR","DEF2","P","RE","valerie.e.spencer@fakeu.edu"
"53","743596653","O'neil","Alexa","UG","1","FR","DEF2","P","RE","alexa.j.o'neil@fakeu.edu"
"54","716749184","Russell","Emily","UG","1","FR","DEF1","P","RE","emily.v.russell@fakeu.edu"
"55","794232134","Brooks","Ava","UG","1","FR","DEF2","P","RE","ava.b.brooks@fakeu.edu"
"56","155959541","Hopkins","Evelyn","UG","1","FR","DEF2","P","RE","evelyn.i.hopkins@fakeu.edu"
"57","440213228","Clark","Gabriel","UG","1","FR","DEF1","P","RE","gabriel.c.clark@fakeu.edu"
"58","413798861","Mendoza","Dylan","UG","1","SO","DEF2","Y","RE","dylan.e.mendoza@fakeu.edu"
"59","874888773","Wright","Lily","UG","1","FR","DEF2","P","RE","lily.s.wright@fakeu.edu"
"60","677138832","Snyder","Santiago","UG","1","SO","DEF1","P","RE","santiago.s.snyder@fakeu.edu"
"61","124248744","Turner","Ashley","UG","1","FR","DEF1","P","RE","ashley.i.turner@fakeu.edu"
"62","665641340","Fox","David","UG","1","SO","DEF1","P","RE","david.a.fox@fakeu.edu"
"63","461689805","Bennett","Vincent","UG","1","FR","DEF2","P","RE","vincent.p.bennett@fakeu.edu"
"64","484366629","Blair","Anthony","UG","1","FR","DEF1","P","RE","anthony.b.blair@fakeu.edu"
"65","202244056","Johnson","Jose","UG","1","FR","DEF1","P","RE","jose.b.johnson@fakeu.edu"
"66","605465630","Holcomb","Benjamin","UG","1","FR","DEF1","P","RE","benjamin.z.holcomb@fakeu.edu"
"67","327055037","Bailey","Nathaniel","UG","1","FR","DEF2","P","RE","nathaniel.j.bailey2@fakeu.edu"
"68","645480701","Ryan","Lily","UG","1","SO","DEF2","P","RE","lily.a.ryan@fakeu.edu"
"69","375418421","Frank","Abigail","UG","1","FR","DEF2","P","RE","abigail.m.frank@fakeu.edu"
"70","662590212","Cortez","Jacob","UG","1","FR","DEF1","P","RE","jacob.l.cortez@fakeu.edu"
"71","553062744","Carter","Gael","UG","1","FR","DEF2","P","RE","gael.g.carter@fakeu.edu"
"72","481004570","Rodriguez","Brianna","UG","1","FR","OTH7","P","RE","brianna.d.rodriguez1@fakeu.edu"
"73","822455379","Barry","Elizabeth","UG","1","FR","DEF1","P","RE","elizabeth.o.barry@fakeu.edu"
"74","257584610","Head","Andrea","UG","1","FR","DEF2","Y","RE","andrea.v.head@fakeu.edu"
"75","756891335","Reed","Matthew","UG","1","FR","DEF1","P","RE","matthew.b.reed@fakeu.edu"
"76","718442025","Jennings","Carlos","UG","1","FR","DEF2","P","RE","carlos.m.jennings@fakeu.edu"
"77","945167031","Hampton","Zachary","UG","1","SO","DEF2","P","RE","zachary.a.hampton@fakeu.edu"
"78","196052903","Reed","Isabella","UG","1","SO","ABC2","P","RE","isabella.a.reed@fakeu.edu"
"79","903833986","Taylor","Noah","UG","1","FR","DEF1","NP","RE","noah.v.taylor@fakeu.edu"
"80","818891754","King","Jordan","UG","1","FR","DEF2","P","RE","jordan.h.king@fakeu.edu"
"81","339807569","Stevenson","Emily","UG","1","FR","DEF1","P","RE","emily.a.stevenson@fakeu.edu"
"82","806292594","Savage","Jackson","UG","1","FR","DEF2","P","RE","jackson.a.savage@fakeu.edu"
"83","329370632","Wagner","Robert","UG","1","FR","DEF2","P","RE","robert.m.wagner@fakeu.edu"
"84","887283243","Bright","Damian","UG","1","FR","DEF1","P","RE","damian.a.bright@fakeu.edu"
"85","746971005","Goodman","Jacob","UG","1","FR","DEF1","P","RE","jacob.i.goodman@fakeu.edu"
"86","443841129","Dean","Eli","UG","1","FR","DEF1","P","RE","eli.j.dean@fakeu.edu"
"87","711994840","Sparks","Naomi","UG","1","FR","DEF1","P","RE","naomi.m.sparks@fakeu.edu"
"88","249964078","Johnson","Emily","UG","1","FR","DEF2","P","RE","emily.j.johnson2@fakeu.edu"
"89","865362179","George","Bryan","UG","1","FR","DEF1","NP","RE","bryan.g.george@fakeu.edu"
"90","609037770","Barker","Julian","UG","1","FR","DEF2","P","RE","julian.j.barker@fakeu.edu"
"91","987133430","Cruz","Angel","UG","1","FR","DEF1","P","RE","angel.a.cruz@fakeu.edu"
"92","781892418","Hurley","Angel","UG","1","FR","DEF1","P","RE","angel.j.hurley@fakeu.edu"
"93","765203395","Smith","Ryan","UG","1","FR","DEF1","P","RE","ryan.y.smith@fakeu.edu"
"94","246653437","Tate","Isaac","UG","1","FR","ABC2","P","RE","isaac.l.tate@fakeu.edu"
"95","829075359","Clark","Adrian","UG","1","FR","DEF1","P","RE","adrian.n.clark@fakeu.edu"
"96","662756422","Burns","Ariana","UG","1","FR","DEF1","P","RE","ariana.a.burns@fakeu.edu"
"97","474380256","Roberson","Samuel","UG","1","FR","DEF1","P","RE","samuel.d.roberson@fakeu.edu"
"98","960635866","Russell","Ian","UG","1","FR","DEF2","P","RE","ian.k.russell@fakeu.edu"
"99","986175550","Turner","Evan","UG","1","FR","DEF1","P","RE","evan.g.turner@fakeu.edu"
"100","545696650","Fisher","Emma","UG","1","FR","DEF2","NP","RE","emma.s.fisher@fakeu.edu"
"101","745106077","Robinson","Isaiah","UG","1","FR","DEF2","P","RE","isaiah.c.robinson1@fakeu.edu"
"102","906578944","Mayer","Alexis","UG","1","FR","ABC2","P","RE","alexis.d.mayer@fakeu.edu"
"103","957812225","Campbell","Olivia","UG","1","FR","DEF1","P","RE","olivia.c.campbell@fakeu.edu"
"104","819598870","Boone","Ava","UG","1","FR","DEF1","P","RE","ava.j.boone@fakeu.edu"
"105","444322954","Delgado","Alejandro","UG","1","FR","OT40","P","RE","alejandro.g.delgado@fakeu.edu"
"106","590495147","Brennan","Jesse","UG","1","FR","DEF1","NP","RE","jesse.e.brennan@fakeu.edu"
"107","641373017","Rodriguez","Emily","UG","1","FR","DEF1","P","RE","emily.j.rodriguez@fakeu.edu"
"108","866635318","Miller","Henry","UG","1","FR","OT64","NP","RE","henry.j.miller@fakeu.edu"
"109","524586423","Maynard","Zachary","UG","1","FR","DEF2","P","RE","zachary.m.maynard@fakeu.edu"
"110","789836930","Conner","Madison","UG","1","FR","DEF1","P","RE","madison.c.conner@fakeu.edu"
"111","264469429","Clark","Jorge","UG","1","FR","DEF1","P","RE","jorge.t.clark@fakeu.edu"
"112","676642525","Hanson","Sofia","UG","1","FR","DEF1","P","RE","sofia.e.hanson@fakeu.edu"
"113","967060624","Smith","Kimberly","UG","1","FR","DEF2","NP","RE","kimberly.j.smith@fakeu.edu"
"114","500970061","Adams","Jayden","UG","1","FR","DEF1","P","RE","jayden.l.adams@fakeu.edu"
"115","168467693","George","Olivia","UG","1","FR","DEF1","P","RE","olivia.a.george@fakeu.edu"
"116","606556922","Boyle","Isabella","UG","1","FR","DEF2","NP","RE","isabella.e.boyle@fakeu.edu"
"117","964086654","Rivera","Ava","UG","1","FR","DEF2","P","RE","ava.g.rivera@fakeu.edu"
"118","107608648","Hopper","Jacob","UG","1","FR","OT48","P","RE","jacob.j.hopper@fakeu.edu"
"119","525975429","Anderson","Victoria","UG","1","FR","DEF2","P","RE","victoria.b.anderson@fakeu.edu"
"120","769359319","Wolfe","Scarlett","UG","1","FR","DEF2","P","RE","scarlett.j.wolfe@fakeu.edu"
"121","665890879","Powell","Isabella","UG","1","FR","DEF2","P","RE","isabella.e.powell@fakeu.edu"
"122","699156205","Ross","Katherine","UG","1","FR","DEF2","P","RE","katherine.v.ross@fakeu.edu"
"123","152394989","Collier","Katherine","UG","1","FR","DEF1","NP","RE","katherine.z.collier@fakeu.edu"
"124","371625120","Herrera","Jose","UG","1","FR","DEF1","P","RE","jose.i.herrera@fakeu.edu"
"125","273537409","Dixon","Isaac","UG","1","FR","ABC2","P","RE","isaac.i.dixon@fakeu.edu"
"126","723358737","Baldwin","Mila","UG","1","FR","DEF1","P","RE","mila.m.baldwin@fakeu.edu"
"127","481283185","Baker","Angel","UG","1","JR","OT44","P","RE","angel.a.baker@fakeu.edu"
"128","620569036","Gardner","Vanessa","UG","1","SR","O229","P","RE","vanessa.s.gardner@fakeu.edu"
"129","230979780","Mays","Liam","UG","1","JR","OT64","P","RE","liam.d.mays@fakeu.edu"
"130","546723344","Hill","Levi","UG","1","SO","OT26","P","RE","levi.j.hill@fakeu.edu"
"131","423484192","Olson","Miguel","UG","1","SO","OT16","NP","RE","miguel.l.olson@fakeu.edu"
"132","483563521","Delacruz","Riley","UG","1","FR","DEF2","Y","RE","riley.d.delacruz@fakeu.edu"
"133","849729125","Hines","Kylie","UG","1","SO","ABC2","P","RE","kylie.s.hines@fakeu.edu"
"134","996095283","Roberts","Jesse","UG","1","SO","O239","P","RE","jesse.v.roberts@fakeu.edu"
"135","100715545","Gonzalez","Aubrey","UG","1","FR","ABC2","P","RE","aubrey.j.gonzalez@fakeu.edu"
"136","669572626","Duffy","Michael","UG","1","FR","OTH8","NP","RE","michael.o.duffy@fakeu.edu"
"137","520208969","Mccormick","John","UG","1","SO","DEF1","P","RE","john.l.mccormick@fakeu.edu"
"138","490528467","Mays","Olivia","UG","1","FR","DEF2","P","RE","olivia.d.mays@fakeu.edu"
"139","837255115","Hale","Brandon","UG","1","FR","DEF2","P","RE","brandon.j.hale@fakeu.edu"
"140","173809601","Henry","Michael","UG","1","SO","OTH4","P","RE","michael.c.henry@fakeu.edu"
"141","250961400","Ortiz","Juan","UG","1","FR","DEF1","P","RE","juan.c.ortiz@fakeu.edu"
"142","174764756","Riley","Jennifer","UG","1","FR","DEF1","P","RE","jennifer.i.riley@fakeu.edu"
"143","461728327","Pena","Riley","UG","1","FR","DEF1","P","RE","riley.e.pena@fakeu.edu"
"144","965278093","Miller","Daniel","UG","1","SR","OT39","NP","RE","daniel.j.miller@fakeu.edu"
"145","606103738","Smith","Jack","UG","1","FR","DEF1","P","RE","jack.r.smith@fakeu.edu"
"146","696511418","Durham","Isabella","UG","1","FR","O224","P","RE","isabella.n.durham@fakeu.edu"
"147","786480561","Martin","Ian","UG","1","FR","OT13","P","RE","ian.w.martin@fakeu.edu"
"148","887691414","Flores","Katherine","UG","1","FR","DEF1","P","RE","katherine.w.flores@fakeu.edu"
"149","232693057","Brown","Jacob","UG","1","SO","OT20","P","RE","jacob.k.brown@fakeu.edu"
"150","254224492","Davis","Leah","UG","1","SO","OT44","P","RE","leah.c.davis@fakeu.edu"
"151","610387938","Thomas","Olivia","UG","1","FR","DEF2","NP","RE","olivia.s.thomas@fakeu.edu"
""
"CID","TERM","SUBJ","CRSE","SEC","UNITS"
"78666","200610","DEF","103","1","4"
""
"INSTRUCTOR(S)","TYPE","DAYS","TIME","BUILD","ROOM"
"Davenport, Jackson L.","Lecture","MWF","11:00 AM - 11:50 AM","TB3","111"
"","Workshop","","","",""
""
"SEAT","SID","SURNAME","PREFNAME","LEVEL","UNITS","CLASS","MAJOR","GRADE","STATUS","EMAIL"
"1","651660019","West","Scarlett","UG","4","JR","DEF1","A","RE","scarlett.a.west@fakeu.edu"
"2","892853468","Scott","Christopher","UG","4","SO","DEF1","A-","RE","christopher.v.scott@fakeu.edu"
"3","991351386","Higgins","Jayden","UG","4","JR","DEF1","B-","RE","jayden.j.higgins@fakeu.edu"
"4","858484065","White","Victoria","UG","4","SR","DEF1","B-","RE","victoria.j.white@fakeu.edu"
"5","132894464","Johnson","Josiah","UG","4","SR","DEF2","A","RE","josiah.j.johnson@fakeu.edu"
"6","424143773","Stephenson","Camila","UG","4","JR","DEF1","A","RE","camila.j.stephenson@fakeu.edu"
"7","169402894","Howard","Ava","UG","4","SR","ABC1","A-","RE","ava.e.howard@fakeu.edu"
"8","204516584","Frazier","David","UG","4","JR","DEF1","C","RE","david.e.frazier@fakeu.edu"
"9","605619037","Young","Mia","UG","4","JR","DEF2","C+","RE","mia.s.young1@fakeu.edu"
"10","738382995","Atkinson","Dylan","UG","4","JR","ABC1","F","RE","dylan.c.atkinson@fakeu.edu"
"11","587306701","Mccoy","Hunter","UG","4","JR","OT64","B","RE","hunter.d.mccoy@fakeu.edu"
"12","524214884","Robinson","Michael","UG","4","JR","ABC2","A","RE","michael.a.robinson@fakeu.edu"
"13","616003915","Gallagher","Santiago","UG","4","JR","ABC1","B","RE","santiago.o.gallagher@fakeu.edu"
"14","414862087","Hartman","Anthony","UG","4","JR","OT35","C-","RE","anthony.x.hartman@fakeu.edu"
"15","512885849","Smith","Chloe","UG","4","SO","DEF2","C","RE","chloe.n.smith@fakeu.edu"
"16","806558524","Hutchinson","Isabel","UG","4","SO","DEF1","A-","RE","isabel.o.hutchinson@fakeu.edu"
"17","184064684","Hamilton","Jacob","UG","4","SO","DEF1","B-","RE","jacob.b.hamilton1@fakeu.edu"
"18","337504434","Cobb","Jonathan","UG","4","JR","ABC2","B-","RE","jonathan.g.cobb@fakeu.edu"
"19","812464203","Atkins","Gavin","UG","4","JR","DEF1","C","RE","gavin.n.atkins@fakeu.edu"
"20","737712826","White","Joseph","UG","4","SO","DEF1","B-","RE","joseph.m.white@fakeu.edu"
"21","667992596","Townsend","Genesis","UG","4","SO","OTH4","B+","RE","genesis.b.townsend@fakeu.edu"
"22","431870026","Sherman","Isaac","UG","4","JR","DEF1","C-","RE","isaac.l.sherman@fakeu.edu"
"23","123814159","Hartman","Andrew","UG","4","SO","DEF2","D","RE","andrew.j.hartman@fakeu.edu"
"24","823719946","Scott","Jasmine","UG","4","SO","OT26","B-","RE","jasmine.g.scott@fakeu.edu"
"25","940787187","Webster","Benjamin","UG","4","SO","DEF1","C+","RE","benjamin.e.webster@fakeu.edu"
"26","945842565","Anderson","Ian","UG","4","SO","DEF1","C+","RE","ian.m.anderson@fakeu.edu"
"27","927928210","Graham","Lucas","UG","4","SO","ABC2","A","RE","lucas.s.graham@fakeu.edu"
"28","222979429","Navarro","Genesis","UG","4","SO","ABC1","A","RE","genesis.b.navarro@fakeu.edu"
"29","327834172","Bell","Brandon","UG","4","SO","DEF1","A+","RE","brandon.j.bell@fakeu.edu"
"30","534334446","Lane","Ethan","UG","4","SO","DEF2","D","RE","ethan.j.lane@fakeu.edu"
"31","481201299","Baker","Ella","UG","4","SO","DEF2","B-","RE","ella.l.baker@fakeu.edu"
"32","460722623","Smith","Justin","UG","4","SO","DEF1","C","RE","justin.c.smith@fakeu.edu"
"33","762292546","Smith","Mason","UG","4","SO","DEF2","B","RE","mason.a.smith3@fakeu.edu"
"34","469892702","Taylor","Michael","UG","4","SO","DEF1","B","RE","michael.c.taylor@fakeu.edu"
"35","882371163","Vaughn","Luis","UG","4","SO","DEF1","B","RE","luis.m.vaughn@fakeu.edu"
"36","400250398","Olson","Giselle","UG","4","SO","DEF1","A-","RE","giselle.e.olson@fakeu.edu"
"37","506562297","Hall","Nathan","UG","4","SO","DEF1","B","RE","nathan.p.hall@fakeu.edu"
"38","870312049","Adams","Anthony","UG","4","SO","DEF1","A-","RE","anthony.d.adams@fakeu.edu"
"39","431825467","Miller","Jacob","UG","4","SO","DEF2","B","RE","jacob.h.miller@fakeu.edu"
"40","906467961","Johnson","Carlos","UG","4","SO","DEF1","B+","RE","carlos.b.johnson@fakeu.edu"
"41","205292177","Lopez","Aaliyah","UG","4","FR","ABC2","B+","RE","aaliyah.d.lopez@fakeu.edu"
"42","263694271","Bryan","Jose","UG","4","SO","DEF2","B","RE","jose.a.bryan@fakeu.edu"
"43","642226773","Bowers","Luis","UG","4","SO","DEF2","B+","RE","luis.a.bowers@fakeu.edu"
"44","723811811","Levy","Mason","UG","4","SR","DEF1","C","RE","mason.a.levy@fakeu.edu"
"45","376481451","Saunders","Scarlett","UG","4","JR","ABC1","B","RE","scarlett.g.saunders@fakeu.edu"
"46","537811532","Conner","Julian","U2","4","U2","ABC2","A-","RE","julian.v.conner@fakeu.edu"
"47","423387173","Buchanan","Elijah","UG","4","JR","O216","B","RE","elijah.m.buchanan@fakeu.edu"
"48","487485066","Coleman","Steven","UG","4","JR","DEF2","F","RE","steven.a.coleman@fakeu.edu"
"49","778928298","Wilson","Liam","UG","4","JR","DEF2","B","RE","liam.l.wilson@fakeu.edu"
"50","813374173","Watson","Brayden","UG","4","SR","ABC2","B","RE","brayden.u.watson@fakeu.edu"
"51","813174264","Klein","Joshua","UG","4","JR","ABC1","C-","RE","joshua.a.klein@fakeu.edu"
"52","288882250","Lloyd","Isaac","UG","4","SR","DEF1","B","RE","isaac.d.lloyd@fakeu.edu"
"53","329817765","Cooper","Aaliyah","UG","4","SO","OTH4","C","RE","aaliyah.s.cooper@fakeu.edu"
"54","876836411","Reed","Aaliyah","UG","4","JR","ABC2","F","RE","aaliyah.l.reed@fakeu.edu"
"55","394637235","Scott","Sebastian","UG","4","JR","DEF1","A","RE","sebastian.e.scott@fakeu.edu"
"56","303635421","Lopez","Jackson","UG","4","SO","OTH7","A","RE","jackson.q.lopez@fakeu.edu"
"57","806968710","Norton","Noah","UG","4","FR","DEF1","C+","RE","noah.n.norton@fakeu.edu"
"58","659286237","Patton","Michael","UG","4","SO","OT64","A+","RE","michael.b.patton@fakeu.edu"
"59","840430661","Wagner","Wyatt","UG","4","JR","OT35","B+","RE","wyatt.a.wagner@fakeu.edu"
"60","966862221","Lyons","Adam","UG","4","JR","DEF2","Y","RE","adam.n.lyons@fakeu.edu"
"61","800383852","Sanchez","Ariana","UG","4","JR","ABC1","B+","RE","ariana.j.sanchez@fakeu.edu"
"62","173809601","Henry","Michael","UG","4","SO","OTH4","D","RE","michael.c.henry@fakeu.edu"
"63","425016008","Roberts","Mia","UG","4","SO","DEF2","A-","RE","mia.j.roberts@fakeu.edu"
"64","347170812","Baker","Noah","UG","4","SO","DEF1","C-","RE","noah.m.baker@fakeu.edu"
"65","677266294","Love","Khloe","UG","4","JR","ABC1","C+","RE","khloe.g.love@fakeu.edu"
"66","326135058","Bell","Layla","UG","4","SO","DEF2","C","RE","layla.g.bell@fakeu.edu"
"67","887618120","Fuentes","Ava","UL","4","UL","DEF1","F","RE","ava.m.fuentes@fakeu.edu"
""
"CID","TERM","SUBJ","CRSE","SEC","UNITS"
"65951","200610","DEF","106","1","1"
""
"INSTRUCTOR(S)","TYPE","DAYS","TIME","BUILD","ROOM"
"","Discussion","","","",""
""
"SEAT","SID","SURNAME","PREFNAME","LEVEL","UNITS","CLASS","MAJOR","GRADE","STATUS","EMAIL"
""
"CID","TERM","SUBJ","CRSE","SEC","UNITS"
"94616","200610","DEF","106","2","1"
""
"INSTRUCTOR(S)","TYPE","DAYS","TIME","BUILD","ROOM"
"","Discussion","","","",""
""
"SEAT","SID","SURNAME","PREFNAME","LEVEL","UNITS","CLASS","MAJOR","GRADE","STATUS","EMAIL"
""
"CID","TERM","SUBJ","CRSE","SEC","UNITS"
"85252","200610","DEF","106","3","1"
""
"INSTRUCTOR(S)","TYPE","DAYS","TIME","BUILD","ROOM"
"","Discussion","","","",""
""
"SEAT","SID","SURNAME","PREFNAME","LEVEL","UNITS","CLASS","MAJOR","GRADE","STATUS","EMAIL"
""
"CID","TERM","SUBJ","CRSE","SEC","UNITS"
"93102","200610","DEF","106","8","1"
""
"INSTRUCTOR(S)","TYPE","DAYS","TIME","BUILD","ROOM"
"","Discussion","","","",""
""
"SEAT","SID","SURNAME","PREFNAME","LEVEL","UNITS","CLASS","MAJOR","GRADE","STATUS","EMAIL"
""
"CID","TERM","SUBJ","CRSE","SEC","UNITS"
"45484","200610","DEF","108","1","1.000 - 5.000"
""
"INSTRUCTOR(S)","TYPE","DAYS","TIME","BUILD","ROOM"
"","Internship","","","",""
""
"SEAT","SID","SURNAME","PREFNAME","LEVEL","UNITS","CLASS","MAJOR","GRADE","STATUS","EMAIL"
""
"CID","TERM","SUBJ","CRSE","SEC","UNITS"
"11481","200610","DEF","108","2","1.000 - 5.000"
""
"INSTRUCTOR(S)","TYPE","DAYS","TIME","BUILD","ROOM"
"","Internship","","","",""
""
"SEAT","SID","SURNAME","PREFNAME","LEVEL","UNITS","CLASS","MAJOR","GRADE","STATUS","EMAIL"
""
"CID","TERM","SUBJ","CRSE","SEC","UNITS"
"30453","200610","DEF","108","3","1.000 - 5.000"
""
"INSTRUCTOR(S)","TYPE","DAYS","TIME","BUILD","ROOM"
"","Internship","","","",""
""
"SEAT","SID","SURNAME","PREFNAME","LEVEL","UNITS","CLASS","MAJOR","GRADE","STATUS","EMAIL"
""
"CID","TERM","SUBJ","CRSE","SEC","UNITS"
"84099","200610","DEF","108","71","1.000 - 5.000"
""
"INSTRUCTOR(S)","TYPE","DAYS","TIME","BUILD","ROOM"
"","Internship","","","",""
""
"SEAT","SID","SURNAME","PREFNAME","LEVEL","UNITS","CLASS","MAJOR","GRADE","STATUS","EMAIL"
""
"CID","TERM","SUBJ","CRSE","SEC","UNITS"
"57693","200610","DEF","109","0","1.000 - 5.000"
""
"INSTRUCTOR(S)","TYPE","DAYS","TIME","BUILD","ROOM"
"","Variable","","","",""
""
"SEAT","SID","SURNAME","PREFNAME","LEVEL","UNITS","CLASS","MAJOR","GRADE","STATUS","EMAIL"
""
"CID","TERM","SUBJ","CRSE","SEC","UNITS"
"70117","200610","DEF","110","0","1.000 - 5.000"
""
"INSTRUCTOR(S)","TYPE","DAYS","TIME","BUILD","ROOM"
"","Variable","","","",""
""
"SEAT","SID","SURNAME","PREFNAME","LEVEL","UNITS","CLASS","MAJOR","GRADE","STATUS","EMAIL"
""
"CID","TERM","SUBJ","CRSE","SEC","UNITS"
"16719","200610","DEF","110","1","1.000 - 5.000"
""
"INSTRUCTOR(S)","TYPE","DAYS","TIME","BUILD","ROOM"
"","Variable","","","",""
""
"SEAT","SID","SURNAME","PREFNAME","LEVEL","UNITS","CLASS","MAJOR","GRADE","STATUS","EMAIL"
""
"CID","TERM","SUBJ","CRSE","SEC","UNITS"
"18681","200610","DEF","110","2","1.000 - 5.000"
""
"INSTRUCTOR(S)","TYPE","DAYS","TIME","BUILD","ROOM"
"","Variable","","","",""
""
"SEAT","SID","SURNAME","PREFNAME","LEVEL","UNITS","CLASS","MAJOR","GRADE","STATUS","EMAIL"
""
"CID","TERM","SUBJ","CRSE","SEC","UNITS"
"89061","200610","DEF","110","3","1.000 - 5.000"
""
"INSTRUCTOR(S)","TYPE","DAYS","TIME","BUILD","ROOM"
"","Variable","","","",""
""
"SEAT","SID","SURNAME","PREFNAME","LEVEL","UNITS","CLASS","MAJOR","GRADE","STATUS","EMAIL"
""
"CID","TERM","SUBJ","CRSE","SEC","UNITS"
"78932","200610","DEF","201","1","5"
""
"INSTRUCTOR(S)","TYPE","DAYS","TIME","BUILD","ROOM"
"Gibson, Melanie M.","Lecture","MW","2:10 PM - 3:30 PM","TB3","118"
"","Discussion","MW","3:40 PM - 4:00 PM","TB3","118"
"","Laboratory","M","5:10 PM - 8:00 PM","MB4","2290"
""
"SEAT","SID","SURNAME","PREFNAME","LEVEL","UNITS","CLASS","MAJOR","GRADE","STATUS","EMAIL"
"1","332246339","Johnson","Emma","UG","5","SR","DEF1","B+","RE","emma.w.johnson@fakeu.edu"
"2","150624485","Carter","Isaac","UG","5","SR","O254","C","RE","isaac.k.carter@fakeu.edu"
"3","948226512","Hansen","Daniel","UG","5","SR","OT68","A-","RE","daniel.i.hansen@fakeu.edu"
"4","405815491","Young","Andres","UG","5","SR","ABC2","C","RE","andres.s.young@fakeu.edu"
"5","959322956","Rice","Natalie","UG","5","SR","ABC2","C","RE","natalie.h.rice@fakeu.edu"
"6","721192944","Frazier","Daniel","UG","5","SR","ABC2","D-","RE","daniel.e.frazier@fakeu.edu"
"7","153779396","Mayer","Levi","UG","5","SR","O254","C-","RE","levi.n.mayer@fakeu.edu"
"8","158427529","Cunningham","Joshua","UG","5","SR","DEF2","D-","RE","joshua.a.cunningham@fakeu.edu"
"9","516191153","Walsh","Emma","UG","5","JR","DEF1","A","RE","emma.z.walsh@fakeu.edu"
"10","752369333","Walker","Nicholas","UG","5","JR","O254","B","RE","nicholas.l.walker@fakeu.edu"
"11","839301784","Gonzalez","Owen","UG","5","JR","DEF1","C","RE","owen.a.gonzalez@fakeu.edu"
"12","784736586","Miller","Levi","UG","5","JR","DEF1","A-","RE","levi.n.miller@fakeu.edu"
"13","645965890","Palmer","Jacob","UG","5","JR","DEF1","C","RE","jacob.l.palmer@fakeu.edu"
"14","805125948","Dyer","Michael","UG","5","JR","DEF1","A","RE","michael.e.dyer@fakeu.edu"
"15","264638597","Townsend","Olivia","UG","5","JR","DEF1","C","RE","olivia.a.townsend@fakeu.edu"
"16","204516584","Frazier","David","UG","5","JR","DEF1","C","RE","david.e.frazier@fakeu.edu"
"17","465469727","Peck","Charlotte","UG","5","JR","DEF1","B","RE","charlotte.m.peck@fakeu.edu"
"18","682440957","Rodriguez","Isabella","UG","5","JR","O254","C","RE","isabella.n.rodriguez@fakeu.edu"
"19","127725375","Mann","James","UG","5","JR","DEF1","A-","RE","james.k.mann@fakeu.edu"
"20","439744129","Walker","Brianna","UG","5","JR","DEF1","C","RE","brianna.g.walker@fakeu.edu"
"21","509947316","Haynes","Isabella","UG","5","JR","OTH4","A-","RE","isabella.h.haynes@fakeu.edu"
"22","413951684","Lewis","Joseph","UG","5","JR","DEF1","C","RE","joseph.d.lewis@fakeu.edu"
"23","216063364","Lee","Giselle","UG","5","JR","DEF1","A-","RE","giselle.e.lee@fakeu.edu"
"24","533711788","Johnson","Alexa","UG","5","JR","DEF1","C-","RE","alexa.s.johnson1@fakeu.edu"
"25","621106306","Callahan","Sofia","UG","5","JR","DEF2","C","RE","sofia.j.callahan@fakeu.edu"
"26","476674834","Allen","Brooklyn","UG","5","JR","DEF1","B+","RE","brooklyn.m.allen@fakeu.edu"
"27","325156137","Tyson","Justin","UG","5","JR","DEF1","B","RE","justin.e.tyson@fakeu.edu"
"28","311447357","Brooks","Noah","UG","5","JR","DEF1","C","RE","noah.j.brooks@fakeu.edu"
"29","247337635","Davis","Jason","UG","5","JR","ABC2","B+","RE","jason.s.davis@fakeu.edu"
"30","231112359","Rich","Henry","UG","5","JR","DEF1","C+","RE","henry.a.rich@fakeu.edu"
"31","758267975","Harrison","Gavin","UG","5","SR","ABC2","B","RE","gavin.b.harrison@fakeu.edu"
"32","712956045","Cole","Jonathan","UG","5","JR","DEF2","C-","RE","jonathan.d.cole@fakeu.edu"
"33","213749809","Graves","Zoey","UG","5","JR","O224","B","RE","zoey.k.graves@fakeu.edu"
"34","969230481","Stewart","Alyssa","UG","5","JR","DEF1","C+","RE","alyssa.a.stewart@fakeu.edu"
"35","214492803","Griffin","Arianna","UG","5","JR","DEF1","C","RE","arianna.l.griffin@fakeu.edu"
"36","495155832","Jones","Bryan","UG","5","JR","ABC2","A","RE","bryan.i.jones@fakeu.edu"
"37","985680217","Roberts","David","UG","5","SR","ABC2","D+","RE","david.e.roberts@fakeu.edu"
"38","278739199","Baldwin","Luis","UG","5","SO","DEF2","C-","RE","luis.b.baldwin@fakeu.edu"
""
"CID","TERM","SUBJ","CRSE","SEC","UNITS"
"64480","200610","DEF","201","2","5"
""
"INSTRUCTOR(S)","TYPE","DAYS","TIME","BUILD","ROOM"
"Gibson, Melanie M.","Lecture","MW","2:10 PM - 3:30 PM","TB3","118"
"","Discussion","MW","3:40 PM - 4:00 PM","TB3","118"
"","Laboratory","R","6:10 PM - 9:00 PM","MB4","2290"
""
"SEAT","SID","SURNAME","PREFNAME","LEVEL","UNITS","CLASS","MAJOR","GRADE","STATUS","EMAIL"
"1","471572033","Moore","Jonathan","UG","5","SR","O224","B-","RE","jonathan.m.moore@fakeu.edu"
"2","482473496","Rodriguez","Andrew","UG","5","SR","ABC2","F","RE","andrew.e.rodriguez@fakeu.edu"
"3","725711728","Blake","Ximena","UG","5","SR","ABC2","B-","RE","ximena.a.blake@fakeu.edu"
"4","380137555","Frost","Jesus","UG","5","SR","ABC2","A","RE","jesus.v.frost@fakeu.edu"
"5","912600867","Martin","Joshua","UG","5","SR","ABC2","A-","RE","joshua.r.martin@fakeu.edu"
"6","128439194","Gould","Luis","UG","5","SR","ABC2","D+","RE","luis.n.gould@fakeu.edu"
"7","996806069","Hill","Scarlett","UG","5","SR","ABC2","F","RE","scarlett.v.hill@fakeu.edu"
"8","293201770","Gomez","Justin","UG","5","JR","DEF1","C+","RE","justin.o.gomez@fakeu.edu"
"9","861731724","Evans","Jack","UG","5","SR","ABC2","C","RE","jack.r.evans@fakeu.edu"
"10","301241497","Black","Jacob","UG","5","JR","O254","A","RE","jacob.k.black@fakeu.edu"
"11","844509926","Maldonado","Adam","UG","5","JR","DEF2","A","RE","adam.e.maldonado@fakeu.edu"
"12","304981891","Little","Elijah","UG","5","JR","DEF1","C","RE","elijah.j.little@fakeu.edu"
"13","667992596","Townsend","Genesis","UG","5","SO","OTH4","B-","RE","genesis.b.townsend@fakeu.edu"
"14","762003259","Frye","Evan","UG","5","JR","DEF1","C-","RE","evan.a.frye@fakeu.edu"
"15","684289632","Smith","Alyssa","UG","5","JR","DEF2","B-","RE","alyssa.a.smith1@fakeu.edu"
"16","462358624","O'brien","Naomi","UG","5","JR","DEF1","B","RE","naomi.j.o'brien@fakeu.edu"
"17","582655961","Brown","Logan","UG","5","JR","DEF1","C","RE","logan.u.brown@fakeu.edu"
"18","385588676","Harrington","Brianna","UG","5","JR","DEF1","B+","RE","brianna.e.harrington@fakeu.edu"
"19","437921133","Velazquez","Ivan","UG","5","JR","DEF2","C","RE","ivan.a.velazquez@fakeu.edu"
"20","377391549","Hudson","Daniel","U2","5","U2","DEF1","A-","RE","daniel.h.hudson@fakeu.edu"
"21","740127896","Hill","Santiago","UG","5","JR","DEF1","D","RE","santiago.v.hill@fakeu.edu"
"22","438369418","Martin","Victoria","UG","5","JR","DEF1","B-","RE","victoria.a.martin@fakeu.edu"
"23","903137631","Kidd","Emily","U2","5","U2","ABC2","A-","RE","emily.v.kidd@fakeu.edu"
"24","555351159","Rivera","Mia","UG","5","JR","DEF1","F","RE","mia.g.rivera@fakeu.edu"
"25","315512913","Hawkins","Elias","UG","5","JR","DEF1","C","RE","elias.d.hawkins@fakeu.edu"
"26","396017633","Barker","Scarlett","UG","5","JR","O224","C","RE","scarlett.k.barker@fakeu.edu"
"27","364843871","Thomas","Isabella","UG","5","SR","ABC2","F","RE","isabella.n.thomas@fakeu.edu"
"28","114431837","Davis","Noah","UG","5","SR","DEF1","C","RE","noah.o.davis@fakeu.edu"
"29","167089623","Maddox","Christopher","UG","5","JR","DEF1","B-","RE","christopher.o.maddox@fakeu.edu"
"30","710076550","Bonner","Ethan","UG","5","JR","DEF2","C+","RE","ethan.g.bonner@fakeu.edu"
"31","420871082","Gross","Emma","UG","5","JR","DEF1","C-","RE","emma.j.gross@fakeu.edu"
"32","265795151","Miller","Isabella","UG","5","JR","DEF1","D+","RE","isabella.g.miller@fakeu.edu"
"33","413084398","Richardson","Victor","UG","5","SR","DEF1","C","RE","victor.x.richardson@fakeu.edu"
"34","883163309","Walker","Nathan","UG","5","JR","DEF1","D-","RE","nathan.v.walker@fakeu.edu"
""
"CID","TERM","SUBJ","CRSE","SEC","UNITS"
"87051","200610","DEF","201","3","5"
""
"INSTRUCTOR(S)","TYPE","DAYS","TIME","BUILD","ROOM"
"Gibson, Melanie M.","Lecture","MW","2:10 PM - 3:30 PM","TB3","118"
"","Discussion","MW","3:40 PM - 4:00 PM","TB3","118"
"","Laboratory","T","4:10 PM - 7:00 PM","MB4","2290"
""
"SEAT","SID","SURNAME","PREFNAME","LEVEL","UNITS","CLASS","MAJOR","GRADE","STATUS","EMAIL"
"1","537811532","Conner","Julian","U2","5","U2","ABC2","B+","RE","julian.v.conner@fakeu.edu"
"2","503522275","Rodriquez","Victoria","UG","5","JR","DEF1","C-","RE","victoria.m.rodriquez@fakeu.edu"
"3","307834744","Turner","Aria","UG","5","JR","ABC2","A-","RE","aria.g.turner@fakeu.edu"
"4","663766838","Mcmahon","Kevin","UG","5","SO","DEF1","C","RE","kevin.d.mcmahon@fakeu.edu"
"5","979438100","Lee","Daniel","UG","5","JR","DEF1","A-","RE","daniel.a.lee@fakeu.edu"
"6","656547839","Castillo","Caleb","UG","5","JR","DEF2","B-","RE","caleb.a.castillo@fakeu.edu"
"7","628736270","Taylor","Jayden","GR","5","D1","DEFG","B+","RE","jayden.e.taylor@fakeu.edu"
"8","400187153","Vega","Michael","UG","5","JR","ABC2","C","RE","michael.v.vega@fakeu.edu"
"9","750752349","Hall","Charlotte","UG","5","JR","DEF1","B+","RE","charlotte.k.hall@fakeu.edu"
"10","487485066","Coleman","Steven","UG","5","JR","DEF2","C-","RE","steven.a.coleman@fakeu.edu"
"11","769387833","Curry","Joseph","UG","5","JR","DEF1","C+","RE","joseph.g.curry@fakeu.edu"
"12","778928298","Wilson","Liam","UG","5","JR","DEF2","C+","RE","liam.l.wilson@fakeu.edu"
"13","913643334","Garcia","Daniel","UG","5","JR","DEF1","A","RE","daniel.a.garcia@fakeu.edu"
"14","512293446","Armstrong","Anthony","UG","5","SR","DEF1","C","RE","anthony.g.armstrong@fakeu.edu"
"15","465546603","Snyder","Jacob","UG","5","JR","DEF2","B-","RE","jacob.o.snyder@fakeu.edu"
"16","800589968","Waller","Jacob","UG","5","JR","OT35","D","RE","jacob.b.waller@fakeu.edu"
"17","540808742","Garcia","Jonathan","UG","5","JR","DEF2","B","RE","jonathan.s.garcia@fakeu.edu"
"18","431870026","Sherman","Isaac","UG","5","JR","DEF1","C-","RE","isaac.l.sherman@fakeu.edu"
"19","347170812","Baker","Noah","UG","5","SO","DEF1","C-","RE","noah.m.baker@fakeu.edu"
"20","281905115","Edwards","Angel","ND","5","ND","O253","B-","RE","angel.a.edwards@fakeu.edu"
"21","388771534","Rivera","Sophie","UG","5","JR","DEF1","C-","RE","sophie.n.rivera@fakeu.edu"
"22","422188959","Ball","Isaac","UG","5","SR","ABC2","B","RE","isaac.j.ball@fakeu.edu"
"23","601921197","Johnson","Aiden","UG","5","SR","ABC2","C","RE","aiden.p.johnson@fakeu.edu"
"24","400423455","Lewis","Audrey","UG","5","SR","DEF2","A-","RE","audrey.a.lewis@fakeu.edu"
"25","293050804","Ramirez","Elias","UG","5","SR","DEF1","C","RE","elias.j.ramirez@fakeu.edu"
"26","919470492","Ross","Noah","UG","5","JR","DEF1","C","RE","noah.e.ross@fakeu.edu"
"27","342969280","Roberson","Benjamin","UG","5","SR","DEF1","A","RE","benjamin.k.roberson@fakeu.edu"
"28","727431413","Burns","Ayden","UG","5","JR","DEF1","B","RE","ayden.j.burns@fakeu.edu"
"29","803822877","Lynch","Audrey","UG","5","JR","O224","B","RE","audrey.n.lynch@fakeu.edu"
""
"CID","TERM","SUBJ","CRSE","SEC","UNITS"
"81416","200610","DEF","210","1","4"
""
"INSTRUCTOR(S)","TYPE","DAYS","TIME","BUILD","ROOM"
"Moody, Emma F.","Lecture","TR","10:30 AM - 11:50 AM","MB2","1014"
"","Laboratory","W","6:10 PM - 9:00 PM","MB4","1060"
""
"SEAT","SID","SURNAME","PREFNAME","LEVEL","UNITS","CLASS","MAJOR","GRADE","STATUS","EMAIL"
"1","177405346","Perkins","Charlotte","UG","4","SR","DEF1","A+","RE","charlotte.l.perkins@fakeu.edu"
"2","266335994","Andrews","James","UG","4","SR","DEF1","B+","RE","james.n.andrews@fakeu.edu"
"3","242917591","Riley","Jacob","UG","4","SR","DEF1","C+","RE","jacob.m.riley@fakeu.edu"
"4","647577355","Vargas","Chloe","UG","4","SR","DEF1","C+","RE","chloe.a.vargas@fakeu.edu"
"5","917518451","Hudson","Samuel","UG","4","SR","DEF1","A-","RE","samuel.k.hudson@fakeu.edu"
"6","468798946","Crawford","Jonathan","UG","4","SR","DEF2","B-","RE","jonathan.j.crawford@fakeu.edu"
"7","770087196","Miller","Madison","UG","4","SR","DEF1","B","RE","madison.j.miller@fakeu.edu"
"8","979617808","Fernandez","Violet","UG","4","SR","DEF1","D+","RE","violet.c.fernandez@fakeu.edu"
"9","208428253","Smith","Samantha","UG","4","SR","DEF1","B","RE","samantha.s.smith@fakeu.edu"
"10","257009695","Rodriquez","Angel","UG","4","SR","DEF1","C+","RE","angel.m.rodriquez@fakeu.edu"
"11","451208853","Burris","Adam","UG","4","SR","DEF2","B","RE","adam.g.burris@fakeu.edu"
"12","817196502","Woods","Mason","UG","4","SR","DEF1","A-","RE","mason.j.woods@fakeu.edu"
"13","304384321","Hall","Ryan","UG","4","SR","DEF1","A-","RE","ryan.j.hall@fakeu.edu"
"14","540274405","Boyle","Brandon","UG","4","SR","DEF1","A","RE","brandon.l.boyle@fakeu.edu"
"15","712204413","Davis","Samantha","UG","4","SR","DEF1","A-","RE","samantha.a.davis1@fakeu.edu"
"16","896547622","Reid","Kaylee","UG","4","SR","DEF1","B","RE","kaylee.v.reid@fakeu.edu"
"17","948014128","Chapman","Arianna","UG","4","SR","DEF1","B","RE","arianna.a.chapman@fakeu.edu"
"18","573541619","Kim","Mia","UG","4","SR","DEF1","A-","RE","mia.x.kim@fakeu.edu"
"19","540678228","Gonzales","Isabella","UG","4","SR","DEF1","B+","RE","isabella.z.gonzales@fakeu.edu"
"20","358381734","Jones","Angel","UG","4","SR","DEF1","A+","RE","angel.m.jones1@fakeu.edu"
"21","818211395","Cooper","Aaron","UG","4","SR","DEF1","A","RE","aaron.a.cooper@fakeu.edu"
"22","662485479","Graham","Caleb","UG","4","SR","DEF2","B+","RE","caleb.c.graham@fakeu.edu"
"23","890006043","Huber","Michael","UG","4","SR","DEF1","A","RE","michael.a.huber@fakeu.edu"
"24","132894464","Johnson","Josiah","UG","4","SR","DEF2","A","RE","josiah.j.johnson@fakeu.edu"
"25","556593164","Guerrero","Tyler","UG","4","SR","DEF1","A","RE","tyler.e.guerrero@fakeu.edu"
"26","480738314","Henderson","Leonardo","UG","4","SR","DEF1","B+","RE","leonardo.v.henderson@fakeu.edu"
"27","343407072","Thomas","Daniel","UG","4","SR","DEF2","F","RE","daniel.l.thomas@fakeu.edu"
"28","220115023","Mullen","Sofia","U2","4","U2","DEF1","B+","RE","sofia.l.mullen@fakeu.edu"
"29","509442388","Justice","Gael","UG","4","SR","DEF2","A-","RE","gael.p.justice@fakeu.edu"
"30","324845756","Perez","Michael","UG","4","SR","DEF1","B-","RE","michael.a.perez@fakeu.edu"
"31","600223065","Chang","Aaron","UL","4","UL","O254","C+","RE","aaron.e.chang@fakeu.edu"
"32","713054986","Morrison","Abigail","UG","4","SR","DEF1","B","RE","abigail.e.morrison@fakeu.edu"
"33","887618120","Fuentes","Ava","UL","4","UL","DEF1","D+","RE","ava.m.fuentes@fakeu.edu"
""
"CID","TERM","SUBJ","CRSE","SEC","UNITS"
"95714","200610","DEF","219","1","5"
""
"INSTRUCTOR(S)","TYPE","DAYS","TIME","BUILD","ROOM"
"Perry, Austin A.","Lecture","TR","1:40 PM - 3:00 PM","LH1","38"
"","Discussion","R","3:10 PM - 4:00 PM","LH1","38"
"","Laboratory","T","4:10 PM - 7:00 PM","MB4","3003"
""
"SEAT","SID","SURNAME","PREFNAME","LEVEL","UNITS","CLASS","MAJOR","GRADE","STATUS","EMAIL"
"1","559672726","Williams","Olivia","UG","5","SR","DEF1","A","RE","olivia.o.williams@fakeu.edu"
"2","870677022","Warren","Josiah","UG","5","SR","DEF1","A","RE","josiah.c.warren@fakeu.edu"
"3","796769347","Lewis","Jack","UG","5","SR","DEF1","A","RE","jack.h.lewis@fakeu.edu"
"4","723811811","Levy","Mason","UG","5","SR","DEF1","C+","RE","mason.a.levy@fakeu.edu"
"5","119745481","Potts","Lillian","UG","5","SR","DEF1","C+","RE","lillian.m.potts@fakeu.edu"
"6","958169449","Cook","Ariana","UG","5","SR","DEF1","C-","RE","ariana.c.cook@fakeu.edu"
"7","989052556","Thomas","Layla","GR","5","GM","DEFG","A+","RE","layla.e.thomas@fakeu.edu"
"8","674614180","Villarreal","Andrew","UL","5","UL","DEF1","A+","RE","andrew.d.villarreal@fakeu.edu"
"9","388896887","Hall","Emily","GR","5","D1","DEFG","A+","RE","emily.a.hall@fakeu.edu"
"10","842144019","Scott","Christian","UG","5","SR","DEF1","B+","RE","christian.a.scott@fakeu.edu"
"11","255462900","Johnson","Sophia","GR","5","D1","DEFG","A+","RE","sophia.s.johnson2@fakeu.edu"
""
"CID","TERM","SUBJ","CRSE","SEC","UNITS"
"11919","200610","DEF","219","2","5"
""
"INSTRUCTOR(S)","TYPE","DAYS","TIME","BUILD","ROOM"
"Perry, Austin A.","Lecture","TR","1:40 PM - 3:00 PM","LH1","38"
"","Discussion","R","3:10 PM - 4:00 PM","LH1","38"
"","Laboratory","R","5:10 PM - 8:00 PM","MB4","3003"
""
"SEAT","SID","SURNAME","PREFNAME","LEVEL","UNITS","CLASS","MAJOR","GRADE","STATUS","EMAIL"
"1","817304533","Campbell","Jose","UG","5","SR","DEF1","A","RE","jose.v.campbell@fakeu.edu"
"2","461068662","Hoover","Mason","UG","5","SR","DEF1","C+","RE","mason.j.hoover@fakeu.edu"
"3","780636156","Patel","Ethan","UG","5","SR","DEF1","B","RE","ethan.s.patel@fakeu.edu"
"4","355260415","Stephens","Dominic","UG","5","SR","DEF1","C+","RE","dominic.h.stephens@fakeu.edu"
"5","377090788","Wright","Abigail","UG","5","SR","DEF1","B","RE","abigail.b.wright@fakeu.edu"
"6","183671971","Brown","Aiden","UG","5","SR","DEF1","B+","RE","aiden.g.brown@fakeu.edu"
"7","927062767","Turner","Emma","UG","5","SR","DEF1","A+","RE","emma.j.turner@fakeu.edu"
"8","429405039","Roberts","Sebastian","GR","5","D1","O118","A+","RE","sebastian.e.roberts@fakeu.edu"
"9","717486994","Weiss","Adam","GR","5","GM","DEFG","I","RE","adam.g.weiss@fakeu.edu"
""
"CID","TERM","SUBJ","CRSE","SEC","UNITS"
"91854","200610","DEF","222","1","4"
""
"INSTRUCTOR(S)","TYPE","DAYS","TIME","BUILD","ROOM"
"Griffith, Dylan J.","Lecture","MW","2:10 PM - 3:30 PM","MB2","1018"
"","Discussion","MW","3:40 PM - 4:00 PM","MB2","1018"
""
"SEAT","SID","SURNAME","PREFNAME","LEVEL","UNITS","CLASS","MAJOR","GRADE","STATUS","EMAIL"
"1","355260415","Stephens","Dominic","UG","4","SR","DEF1","A-","RE","dominic.h.stephens@fakeu.edu"
"2","559672726","Williams","Olivia","UG","4","SR","DEF1","A","RE","olivia.o.williams@fakeu.edu"
"3","377090788","Wright","Abigail","UG","4","SR","DEF1","A-","RE","abigail.b.wright@fakeu.edu"
"4","703391604","Davis","Jesus","GR","4","D1","DEFG","A","RE","jesus.g.davis@fakeu.edu"
"5","183671971","Brown","Aiden","UG","4","SR","DEF1","A-","RE","aiden.g.brown@fakeu.edu"
"6","870677022","Warren","Josiah","UG","4","SR","DEF1","A","RE","josiah.c.warren@fakeu.edu"
"7","796769347","Lewis","Jack","UG","4","SR","DEF1","A","RE","jack.h.lewis@fakeu.edu"
"8","723811811","Levy","Mason","UG","4","SR","DEF1","A-","RE","mason.a.levy@fakeu.edu"
"9","927062767","Turner","Emma","UG","4","SR","DEF1","A","RE","emma.j.turner@fakeu.edu"
"10","958169449","Cook","Ariana","UG","4","SR","DEF1","A","RE","ariana.c.cook@fakeu.edu"
"11","119745481","Potts","Lillian","UG","4","SR","DEF1","A","RE","lillian.m.potts@fakeu.edu"
"12","674614180","Villarreal","Andrew","UL","4","UL","DEF1","A","RE","andrew.d.villarreal@fakeu.edu"
"13","255462900","Johnson","Sophia","GR","4","D1","DEFG","A","RE","sophia.s.johnson2@fakeu.edu"
"14","224281446","Jones","Joshua","UG","4","SR","DEF1","A","RE","joshua.k.jones@fakeu.edu"
"15","717486994","Weiss","Adam","GR","4","GM","DEFG","A","RE","adam.g.weiss@fakeu.edu"
"16","429405039","Roberts","Sebastian","GR","4","D1","O118","A","RE","sebastian.e.roberts@fakeu.edu"
"17","442722486","Myers","Angel","UG","4","SR","DEF1","A","RE","angel.a.myers@fakeu.edu"
"18","887699201","Black","Chloe","UG","4","SR","DEF1","A","RE","chloe.a.black@fakeu.edu"
"19","388896887","Hall","Emily","GR","4","D1","DEFG","A","RE","emily.a.hall@fakeu.edu"
"20","284786183","Harris","Mia","ND","4","ND","O253","A","RE","mia.o.harris@fakeu.edu"
""
"CID","TERM","SUBJ","CRSE","SEC","UNITS"
"39453","200610","DEF","226","1","3"
""
"INSTRUCTOR(S)","TYPE","DAYS","TIME","BUILD","ROOM"
"Wiley, Natalie A.","Workshop","T","9:00 AM - 9:50 AM","MB4","2270"
"","Laboratory","T","5:10 PM - 8:00 PM","MB4","2270"
"","Laboratory","","","",""
""
"SEAT","SID","SURNAME","PREFNAME","LEVEL","UNITS","CLASS","MAJOR","GRADE","STATUS","EMAIL"
"1","817304533","Campbell","Jose","UG","3","SR","DEF1","IP","RE","jose.v.campbell@fakeu.edu"
"2","461068662","Hoover","Mason","UG","3","SR","DEF1","IP","RE","mason.j.hoover@fakeu.edu"
"3","442722486","Myers","Angel","UG","3","SR","DEF1","IP","RE","angel.a.myers@fakeu.edu"
"4","927062767","Turner","Emma","UG","3","SR","DEF1","IP","RE","emma.j.turner@fakeu.edu"
"5","191090175","Gonzalez","Noah","UG","3","SR","DEF1","IP","RE","noah.n.gonzalez@fakeu.edu"
"6","277328609","Welch","Juan","UG","3","JR","DEF1","IP","RE","juan.a.welch@fakeu.edu"
"7","887618120","Fuentes","Ava","UL","3","UL","DEF1","IP","RE","ava.m.fuentes@fakeu.edu"
"8","220115023","Mullen","Sofia","U2","3","U2","DEF1","IP","RE","sofia.l.mullen@fakeu.edu"
"9","887699201","Black","Chloe","UG","3","SR","DEF1","IP","RE","chloe.a.black@fakeu.edu"
"10","377090788","Wright","Abigail","UG","3","SR","DEF1","IP","RE","abigail.b.wright@fakeu.edu"
"11","815760760","White","Jonathan","UG","3","SR","DEF2","IP","RE","jonathan.g.white@fakeu.edu"
"12","896547622","Reid","Kaylee","UG","3","SR","DEF1","IP","RE","kaylee.v.reid@fakeu.edu"
""
"CID","TERM","SUBJ","CRSE","SEC","UNITS"
"28227","200610","DEF","226","2","3"
""
"INSTRUCTOR(S)","TYPE","DAYS","TIME","BUILD","ROOM"
"Wiley, Natalie A.","Workshop","T","9:00 AM - 9:50 AM","MB4","2270"
"","Laboratory","R","5:10 PM - 8:00 PM","MB4","2270"
"","Laboratory","","","",""
""
"SEAT","SID","SURNAME","PREFNAME","LEVEL","UNITS","CLASS","MAJOR","GRADE","STATUS","EMAIL"
"1","870677022","Warren","Josiah","UG","3","SR","DEF1","IP","RE","josiah.c.warren@fakeu.edu"
"2","119745481","Potts","Lillian","UG","3","SR","DEF1","IP","RE","lillian.m.potts@fakeu.edu"
"3","559672726","Williams","Olivia","UG","3","SR","DEF1","IP","RE","olivia.o.williams@fakeu.edu"
"4","723811811","Levy","Mason","UG","3","SR","DEF1","IP","RE","mason.a.levy@fakeu.edu"
"5","958169449","Cook","Ariana","UG","3","SR","DEF1","IP","RE","ariana.c.cook@fakeu.edu"
"6","538170924","Todd","Ethan","UG","3","SR","DEF1","IP","RE","ethan.s.todd@fakeu.edu"
""
"CID","TERM","SUBJ","CRSE","SEC","UNITS"
"24016","200610","DEF","229","1","4"
""
"INSTRUCTOR(S)","TYPE","DAYS","TIME","BUILD","ROOM"
"Martin, Audrey T.","Lecture","TR","12:10 PM - 1:30 PM","LH5","9"
"","Discussion","TR","1:40 PM - 2:00 PM","LH5","9"
""
"SEAT","SID","SURNAME","PREFNAME","LEVEL","UNITS","CLASS","MAJOR","GRADE","STATUS","EMAIL"
"1","332246339","Johnson","Emma","UG","4","SR","DEF1","A+","RE","emma.w.johnson@fakeu.edu"
"2","948226512","Hansen","Daniel","UG","4","SR","OT68","B+","RE","daniel.i.hansen@fakeu.edu"
"3","459725706","King","Alyssa","UG","4","SR","DEF1","A","RE","alyssa.j.king@fakeu.edu"
"4","943075065","Best","Valerie","UG","4","SR","O224","B+","RE","valerie.d.best@fakeu.edu"
"5","153779396","Mayer","Levi","UG","4","SR","O254","B+","RE","levi.n.mayer@fakeu.edu"
"6","114431837","Davis","Noah","UG","4","SR","DEF1","B","RE","noah.o.davis@fakeu.edu"
"7","360793205","Buckley","Leah","UG","4","SR","DEF2","B+","RE","leah.a.buckley@fakeu.edu"
"8","293201770","Gomez","Justin","UG","4","JR","DEF1","C","RE","justin.o.gomez@fakeu.edu"
"9","516191153","Walsh","Emma","UG","4","JR","DEF1","B+","RE","emma.z.walsh@fakeu.edu"
"10","752369333","Walker","Nicholas","UG","4","JR","O254","F","RE","nicholas.l.walker@fakeu.edu"
"11","293050804","Ramirez","Elias","UG","4","SR","DEF1","C","RE","elias.j.ramirez@fakeu.edu"
"12","839301784","Gonzalez","Owen","UG","4","JR","DEF1","B-","RE","owen.a.gonzalez@fakeu.edu"
"13","645965890","Palmer","Jacob","UG","4","JR","DEF1","C+","RE","jacob.l.palmer@fakeu.edu"
"14","805125948","Dyer","Michael","UG","4","JR","DEF1","A","RE","michael.e.dyer@fakeu.edu"
"15","264638597","Townsend","Olivia","UG","4","JR","DEF1","C+","RE","olivia.a.townsend@fakeu.edu"
"16","800589968","Waller","Jacob","UG","4","JR","OT35","C-","RE","jacob.b.waller@fakeu.edu"
"17","400423455","Lewis","Audrey","UG","4","SR","DEF2","B-","RE","audrey.a.lewis@fakeu.edu"
"18","204516584","Frazier","David","UG","4","JR","DEF1","C","RE","david.e.frazier@fakeu.edu"
"19","301241497","Black","Jacob","UG","4","JR","O254","A","RE","jacob.k.black@fakeu.edu"
"20","844509926","Maldonado","Adam","UG","4","JR","DEF2","B+","RE","adam.e.maldonado@fakeu.edu"
"21","682440957","Rodriguez","Isabella","UG","4","JR","O254","C+","RE","isabella.n.rodriguez@fakeu.edu"
"22","919470492","Ross","Noah","UG","4","JR","DEF1","B+","RE","noah.e.ross@fakeu.edu"
"23","127725375","Mann","James","UG","4","JR","DEF1","B","RE","james.k.mann@fakeu.edu"
"24","439744129","Walker","Brianna","UG","4","JR","DEF1","C+","RE","brianna.g.walker@fakeu.edu"
"25","214492803","Griffin","Arianna","UG","4","JR","DEF1","C-","RE","arianna.l.griffin@fakeu.edu"
"26","304981891","Little","Elijah","UG","4","JR","DEF1","B+","RE","elijah.j.little@fakeu.edu"
"27","413951684","Lewis","Joseph","UG","4","JR","DEF1","C-","RE","joseph.d.lewis@fakeu.edu"
"28","420871082","Gross","Emma","UG","4","JR","DEF1","C","RE","emma.j.gross@fakeu.edu"
"29","191445922","Nelson","Maya","UG","4","JR","DEF1","D","RE","maya.d.nelson@fakeu.edu"
"30","216063364","Lee","Giselle","UG","4","JR","DEF1","B","RE","giselle.e.lee@fakeu.edu"
"31","533711788","Johnson","Alexa","UG","4","JR","DEF1","F","RE","alexa.s.johnson1@fakeu.edu"
"32","476674834","Allen","Brooklyn","UG","4","JR","DEF1","C","RE","brooklyn.m.allen@fakeu.edu"
"33","621106306","Callahan","Sofia","UG","4","JR","DEF2","B-","RE","sofia.j.callahan@fakeu.edu"
"34","325156137","Tyson","Justin","UG","4","JR","DEF1","D+","RE","justin.e.tyson@fakeu.edu"
"35","311447357","Brooks","Noah","UG","4","JR","DEF1","B","RE","noah.j.brooks@fakeu.edu"
"36","231112359","Rich","Henry","UG","4","JR","DEF1","B","RE","henry.a.rich@fakeu.edu"
"37","727431413","Burns","Ayden","UG","4","JR","DEF1","A","RE","ayden.j.burns@fakeu.edu"
"38","347170812","Baker","Noah","UG","4","SO","DEF1","C","RE","noah.m.baker@fakeu.edu"
"39","512293446","Armstrong","Anthony","UG","4","SR","DEF1","B-","RE","anthony.g.armstrong@fakeu.edu"
"40","265795151","Miller","Isabella","UG","4","JR","DEF1","F","RE","isabella.g.miller@fakeu.edu"
"41","667992596","Townsend","Genesis","UG","4","SO","OTH4","B","RE","genesis.b.townsend@fakeu.edu"
"42","762003259","Frye","Evan","UG","4","JR","DEF1","C","RE","evan.a.frye@fakeu.edu"
"43","684289632","Smith","Alyssa","UG","4","JR","DEF2","B","RE","alyssa.a.smith1@fakeu.edu"
"44","462358624","O'brien","Naomi","UG","4","JR","DEF1","A","RE","naomi.j.o'brien@fakeu.edu"
"45","582655961","Brown","Logan","UG","4","JR","DEF1","B-","RE","logan.u.brown@fakeu.edu"
"46","437921133","Velazquez","Ivan","UG","4","JR","DEF2","D","RE","ivan.a.velazquez@fakeu.edu"
"47","385588676","Harrington","Brianna","UG","4","JR","DEF1","B-","RE","brianna.e.harrington@fakeu.edu"
"48","377391549","Hudson","Daniel","U2","4","U2","DEF1","C-","RE","daniel.h.hudson@fakeu.edu"
"49","740127896","Hill","Santiago","UG","4","JR","DEF1","F","RE","santiago.v.hill@fakeu.edu"
"50","899851464","Hinton","David","UG","4","JR","DEF1","B-","RE","david.s.hinton@fakeu.edu"
"51","663766838","Mcmahon","Kevin","UG","4","SO","DEF1","D","RE","kevin.d.mcmahon@fakeu.edu"
"52","342969280","Roberson","Benjamin","UG","4","SR","DEF1","A","RE","benjamin.k.roberson@fakeu.edu"
"53","438369418","Martin","Victoria","UG","4","JR","DEF1","C+","RE","victoria.a.martin@fakeu.edu"
"54","656547839","Castillo","Caleb","UG","4","JR","DEF2","C","RE","caleb.a.castillo@fakeu.edu"
"55","628736270","Taylor","Jayden","GR","4","D1","DEFG","A","RE","jayden.e.taylor@fakeu.edu"
"56","750752349","Hall","Charlotte","UG","4","JR","DEF1","A","RE","charlotte.k.hall@fakeu.edu"
"57","487485066","Coleman","Steven","UG","4","JR","DEF2","F","RE","steven.a.coleman@fakeu.edu"
"58","315512913","Hawkins","Elias","UG","4","JR","DEF1","D","RE","elias.d.hawkins@fakeu.edu"
"59","769387833","Curry","Joseph","UG","4","JR","DEF1","C+","RE","joseph.g.curry@fakeu.edu"
"60","763457268","Ross","Jacob","GR","4","D1","DEFG","A","RE","jacob.e.ross@fakeu.edu"
"61","778928298","Wilson","Liam","UG","4","JR","DEF2","B","RE","liam.l.wilson@fakeu.edu"
"62","167089623","Maddox","Christopher","UG","4","JR","DEF1","D","RE","christopher.o.maddox@fakeu.edu"
"63","913643334","Garcia","Daniel","UG","4","JR","DEF1","A-","RE","daniel.a.garcia@fakeu.edu"
"64","465546603","Snyder","Jacob","UG","4","JR","DEF2","B-","RE","jacob.o.snyder@fakeu.edu"
"65","540808742","Garcia","Jonathan","UG","4","JR","DEF2","C","RE","jonathan.s.garcia@fakeu.edu"
"66","326917153","Parks","Ashley","UG","4","JR","DEF2","B-","RE","ashley.l.parks@fakeu.edu"
"67","865941195","Schneider","Ethan","ND","4","ND","O253","F","RE","ethan.h.schneider@fakeu.edu"
"68","388771534","Rivera","Sophie","UG","4","JR","DEF1","C-","RE","sophie.n.rivera@fakeu.edu"
"69","762151817","Reese","Genesis","UG","4","JR","DEF1","C","RE","genesis.n.reese@fakeu.edu"
"70","969230481","Stewart","Alyssa","UG","4","JR","DEF1","C","RE","alyssa.a.stewart@fakeu.edu"
""
"CID","TERM","SUBJ","CRSE","SEC","UNITS"
"57625","200610","DEF","234","1","3"
""
"INSTRUCTOR(S)","TYPE","DAYS","TIME","BUILD","ROOM"
"Mcdaniel, Elijah I.","Lecture","MW","9:00 AM - 9:50 AM","LH2","28"
"","Laboratory","M","6:10 PM - 9:00 PM","MB4","1055"
""
"SEAT","SID","SURNAME","PREFNAME","LEVEL","UNITS","CLASS","MAJOR","GRADE","STATUS","EMAIL"
"1","177405346","Perkins","Charlotte","UG","3","SR","DEF1","A+","RE","charlotte.l.perkins@fakeu.edu"
"2","408193673","Lee","Chloe","UG","3","SR","O254","A-","RE","chloe.e.lee@fakeu.edu"
"3","216692461","Ruiz","David","UG","3","SR","O254","A-","RE","david.a.ruiz@fakeu.edu"
"4","831470022","Thompson","Ivan","UG","3","SR","DEF1","A","RE","ivan.g.thompson@fakeu.edu"
"5","766155299","Thompson","Hannah","UG","3","SR","DEF1","A","RE","hannah.i.thompson@fakeu.edu"
"6","714364278","Ryan","Samuel","UG","3","SR","DEF1","A","RE","samuel.r.ryan@fakeu.edu"
"7","220115023","Mullen","Sofia","U2","3","U2","DEF1","A+","RE","sofia.l.mullen@fakeu.edu"
"8","915328602","Morgan","Julian","GR","3","D1","DEFG","A","RE","julian.c.morgan@fakeu.edu"
"9","665619185","Diaz","Dominic","GR","3","GM","O189","B","RE","dominic.c.diaz@fakeu.edu"
"10","492542314","Perez","Jack","ND","3","ND","O253","A","RE","jack.a.perez@fakeu.edu"
""
"CID","TERM","SUBJ","CRSE","SEC","UNITS"
"78286","200610","DEF","234","2","3"
""
"INSTRUCTOR(S)","TYPE","DAYS","TIME","BUILD","ROOM"
"Mcdaniel, Elijah I.","Lecture","MW","9:00 AM - 9:50 AM","LH2","28"
"","Laboratory","R","4:10 PM - 7:00 PM","MB4","1055"
""
"SEAT","SID","SURNAME","PREFNAME","LEVEL","UNITS","CLASS","MAJOR","GRADE","STATUS","EMAIL"
"1","979617808","Fernandez","Violet","UG","3","SR","DEF1","D","RE","violet.c.fernandez@fakeu.edu"
"2","832210230","Fisher","Damian","UG","3","SR","DEF1","A-","RE","damian.j.fisher@fakeu.edu"
"3","807769450","Jennings","Isabella","UG","3","SR","DEF1","B-","RE","isabella.n.jennings@fakeu.edu"
"4","858484065","White","Victoria","UG","3","SR","DEF1","B+","RE","victoria.j.white@fakeu.edu"
"5","442722486","Myers","Angel","UG","3","SR","DEF1","A+","RE","angel.a.myers@fakeu.edu"
"6","540274405","Boyle","Brandon","UG","3","SR","DEF1","A","RE","brandon.l.boyle@fakeu.edu"
"7","540678228","Gonzales","Isabella","UG","3","SR","DEF1","A","RE","isabella.z.gonzales@fakeu.edu"
"8","277328609","Welch","Juan","UG","3","JR","DEF1","A","RE","juan.a.welch@fakeu.edu"
"9","712204413","Davis","Samantha","UG","3","SR","DEF1","A","RE","samantha.a.davis1@fakeu.edu"
"10","887699201","Black","Chloe","UG","3","SR","DEF1","A","RE","chloe.a.black@fakeu.edu"
""
"CID","TERM","SUBJ","CRSE","SEC","UNITS"
"97863","200610","DEF","234","3","3"
""
"INSTRUCTOR(S)","TYPE","DAYS","TIME","BUILD","ROOM"
"Mcdaniel, Elijah I.","Lecture","MW","9:00 AM - 9:50 AM","LH2","28"
"","Laboratory","T","3:10 PM - 6:00 PM","MB4","1055"
""
"SEAT","SID","SURNAME","PREFNAME","LEVEL","UNITS","CLASS","MAJOR","GRADE","STATUS","EMAIL"
"1","355260415","Stephens","Dominic","UG","3","SR","DEF1","A-","RE","dominic.h.stephens@fakeu.edu"
"2","863318003","Hill","Isaac","UG","3","SR","O254","A","RE","isaac.a.hill@fakeu.edu"
"3","538170924","Todd","Ethan","UG","3","SR","DEF1","B","RE","ethan.s.todd@fakeu.edu"
"4","411164361","Olson","Christopher","UG","3","SR","O254","A","RE","christopher.a.olson@fakeu.edu"
"5","230755460","Hughes","Alexis","UG","3","SR","DEF2","A","RE","alexis.t.hughes@fakeu.edu"
"6","832640975","Parrish","Lily","UG","3","SR","O254","B+","RE","lily.s.parrish@fakeu.edu"
""
"CID","TERM","SUBJ","CRSE","SEC","UNITS"
"29739","200610","DEF","242","1","4"
""
"INSTRUCTOR(S)","TYPE","DAYS","TIME","BUILD","ROOM"
"Dalton, Jorge A.","Lecture","TR","12:10 PM - 1:30 PM","TB2","118"
"","Laboratory","","","",""
""
"SEAT","SID","SURNAME","PREFNAME","LEVEL","UNITS","CLASS","MAJOR","GRADE","STATUS","EMAIL"
"1","557050515","Butler","Ryan","UG","4","SR","O224","A","RE","ryan.e.butler@fakeu.edu"
"2","502963481","Taylor","Hailey","UG","4","SR","DEF1","A-","RE","hailey.v.taylor@fakeu.edu"
"3","897241697","Roberts","Victoria","UG","4","SR","O254","B","RE","victoria.a.roberts@fakeu.edu"
"4","647577355","Vargas","Chloe","UG","4","SR","DEF1","B-","RE","chloe.a.vargas@fakeu.edu"
"5","917518451","Hudson","Samuel","UG","4","SR","DEF1","B","RE","samuel.k.hudson@fakeu.edu"
"6","770087196","Miller","Madison","UG","4","SR","DEF1","B+","RE","madison.j.miller@fakeu.edu"
"7","807769450","Jennings","Isabella","UG","4","SR","DEF1","B","RE","isabella.n.jennings@fakeu.edu"
"8","304384321","Hall","Ryan","UG","4","SR","DEF1","A-","RE","ryan.j.hall@fakeu.edu"
"9","581632287","Oliver","Alex","UG","4","SR","DEF1","B","RE","alex.c.oliver@fakeu.edu"
"10","984589469","Preston","Emily","UG","4","SR","DEF1","B","RE","emily.i.preston@fakeu.edu"
"11","768467033","Mason","Jayden","UG","4","SR","DEF1","A","RE","jayden.j.mason@fakeu.edu"
"12","342708523","Edwards","Dominic","UG","4","SR","DEF1","A","RE","dominic.l.edwards@fakeu.edu"
"13","896547622","Reid","Kaylee","UG","4","SR","DEF1","B","RE","kaylee.v.reid@fakeu.edu"
"14","787148557","Edwards","Owen","UG","4","SR","DEF1","B-","RE","owen.s.edwards@fakeu.edu"
"15","191090175","Gonzalez","Noah","UG","4","SR","DEF1","B","RE","noah.n.gonzalez@fakeu.edu"
"16","662485479","Graham","Caleb","UG","4","SR","DEF2","B+","RE","caleb.c.graham@fakeu.edu"
"17","890006043","Huber","Michael","UG","4","SR","DEF1","A-","RE","michael.a.huber@fakeu.edu"
"18","977241662","Smith","Natalie","UG","4","JR","DEF1","B","RE","natalie.o.smith@fakeu.edu"
"19","277328609","Welch","Juan","UG","4","JR","DEF1","B+","RE","juan.a.welch@fakeu.edu"
"20","556593164","Guerrero","Tyler","UG","4","SR","DEF1","B+","RE","tyler.e.guerrero@fakeu.edu"
"21","740173875","Browning","Jonathan","UL","4","UL","DEF1","A","RE","jonathan.m.browning@fakeu.edu"
"22","413084398","Richardson","Victor","UG","4","SR","DEF1","B+","RE","victor.x.richardson@fakeu.edu"
"23","126052960","Montoya","Andrea","UG","4","SR","DEF1","A-","RE","andrea.a.montoya@fakeu.edu"
"24","425920663","Carr","Nathaniel","UG","4","SR","DEF1","A-","RE","nathaniel.m.carr@fakeu.edu"
"25","944832557","Ingram","Aaron","UG","4","SR","OTH7","B-","RE","aaron.a.ingram@fakeu.edu"
"26","140397857","Jones","Jordan","UL","4","UL","DEF1","B+","RE","jordan.j.jones1@fakeu.edu"
"27","867198557","Brown","Ryan","UG","4","SR","DEF1","A","RE","ryan.s.brown@fakeu.edu"
"28","254620872","Meyer","Ian","UG","4","SR","DEF1","B-","RE","ian.g.meyer@fakeu.edu"
"29","828523170","Logan","Owen","UG","4","SR","DEF1","A-","RE","owen.m.logan@fakeu.edu"
"30","419999450","Castaneda","Isaac","UG","4","SR","DEF1","A","RE","isaac.h.castaneda@fakeu.edu"
"31","788305154","Richardson","Austin","UG","4","SR","O224","B+","RE","austin.i.richardson@fakeu.edu"
"32","478383864","Smith","Samuel","ND","4","ND","O253","B+","RE","samuel.a.smith1@fakeu.edu"
"33","894553687","Boone","Genesis","UG","4","SR","DEF1","B","RE","genesis.s.boone@fakeu.edu"
"34","252161781","Alston","Damian","ND","4","ND","O253","B+","RE","damian.v.alston@fakeu.edu"
"35","948014128","Chapman","Arianna","UG","4","SR","DEF1","B+","RE","arianna.a.chapman@fakeu.edu"
"36","686605654","Smith","Matthew","UG","4","SR","DEF1","A-","RE","matthew.y.smith@fakeu.edu"
"37","451208853","Burris","Adam","UG","4","SR","DEF2","A","RE","adam.g.burris@fakeu.edu"
"38","673498811","Wade","Ava","GR","4","GM","DEFG","B","RE","ava.i.wade@fakeu.edu"
""
"CID","TERM","SUBJ","CRSE","SEC","UNITS"
"87541","200610","DEF","245","1","4"
""
"INSTRUCTOR(S)","TYPE","DAYS","TIME","BUILD","ROOM"
"Ayala, Sophia A.","Lecture","MW","4:10 PM - 5:30 PM","LH5","47"
"","Discussion","MW","5:40 PM - 6:00 PM","LH5","47"
""
"SEAT","SID","SURNAME","PREFNAME","LEVEL","UNITS","CLASS","MAJOR","GRADE","STATUS","EMAIL"
"1","502963481","Taylor","Hailey","UG","4","SR","DEF1","A-","RE","hailey.v.taylor@fakeu.edu"
"2","559672726","Williams","Olivia","UG","4","SR","DEF1","B","RE","olivia.o.williams@fakeu.edu"
"3","831470022","Thompson","Ivan","UG","4","SR","DEF1","C+","RE","ivan.g.thompson@fakeu.edu"
"4","796769347","Lewis","Jack","UG","4","SR","DEF1","B+","RE","jack.h.lewis@fakeu.edu"
"5","927062767","Turner","Emma","UG","4","SR","DEF1","A","RE","emma.j.turner@fakeu.edu"
"6","342708523","Edwards","Dominic","UG","4","SR","DEF1","A","RE","dominic.l.edwards@fakeu.edu"
"7","842144019","Scott","Christian","UG","4","SR","DEF1","C+","RE","christian.a.scott@fakeu.edu"
"8","787148557","Edwards","Owen","UG","4","SR","DEF1","C","RE","owen.s.edwards@fakeu.edu"
"9","191090175","Gonzalez","Noah","UG","4","SR","DEF1","C-","RE","noah.n.gonzalez@fakeu.edu"
"10","908662379","Smith","Daniel","UG","4","SR","OT68","A","RE","daniel.a.smith1@fakeu.edu"
"11","740173875","Browning","Jonathan","UL","4","UL","DEF1","A+","RE","jonathan.m.browning@fakeu.edu"
"12","140397857","Jones","Jordan","UL","4","UL","DEF1","A-","RE","jordan.j.jones1@fakeu.edu"
"13","216692461","Ruiz","David","UG","4","SR","O254","F","RE","david.a.ruiz@fakeu.edu"
"14","669037141","Jackson","Faith","UG","4","SR","DEF1","C+","RE","faith.l.jackson@fakeu.edu"
"15","870677022","Warren","Josiah","UG","4","SR","DEF1","A-","RE","josiah.c.warren@fakeu.edu"
"16","917518451","Hudson","Samuel","UG","4","SR","DEF1","C+","RE","samuel.k.hudson@fakeu.edu"
"17","788305154","Richardson","Austin","UG","4","SR","O224","B","RE","austin.i.richardson@fakeu.edu"
"18","122425861","Livingston","Daniel","ND","4","ND","O253","A","RE","daniel.j.livingston@fakeu.edu"
"19","584739850","Dennis","Alyssa","ND","4","ND","O253","B-","RE","alyssa.s.dennis@fakeu.edu"
"20","419999450","Castaneda","Isaac","UG","4","SR","DEF1","B-","RE","isaac.h.castaneda@fakeu.edu"
"21","780636156","Patel","Ethan","UG","4","SR","DEF1","B","RE","ethan.s.patel@fakeu.edu"
""
"CID","TERM","SUBJ","CRSE","SEC","UNITS"
"59510","200610","DEF","246","1","4"
""
"INSTRUCTOR(S)","TYPE","DAYS","TIME","BUILD","ROOM"
"Patterson, Savannah Q.","Lecture","MW","10:00 AM - 11:20 AM","TB2","116"
"","Discussion","MW","11:30 AM - 11:50 AM","TB2","116"
""
"SEAT","SID","SURNAME","PREFNAME","LEVEL","UNITS","CLASS","MAJOR","GRADE","STATUS","EMAIL"
"1","332246339","Johnson","Emma","UG","4","SR","DEF1","B+","RE","emma.w.johnson@fakeu.edu"
"2","817304533","Campbell","Jose","UG","4","SR","DEF1","B+","RE","jose.v.campbell@fakeu.edu"
"3","425920663","Carr","Nathaniel","UG","4","SR","DEF1","B+","RE","nathaniel.m.carr@fakeu.edu"
"4","459725706","King","Alyssa","UG","4","SR","DEF1","B+","RE","alyssa.j.king@fakeu.edu"
"5","254620872","Meyer","Ian","UG","4","SR","DEF1","C+","RE","ian.g.meyer@fakeu.edu"
"6","832210230","Fisher","Damian","UG","4","SR","DEF1","B+","RE","damian.j.fisher@fakeu.edu"
"7","714364278","Ryan","Samuel","UG","4","SR","DEF1","C-","RE","samuel.r.ryan@fakeu.edu"
"8","540274405","Boyle","Brandon","UG","4","SR","DEF1","B-","RE","brandon.l.boyle@fakeu.edu"
"9","573541619","Kim","Mia","UG","4","SR","DEF1","A","RE","mia.x.kim@fakeu.edu"
"10","366687387","Conway","Mia","UG","4","SR","DEF2","C-","RE","mia.a.conway@fakeu.edu"
"11","883163309","Walker","Nathan","UG","4","JR","DEF1","B+","RE","nathan.v.walker@fakeu.edu"
"12","844509926","Maldonado","Adam","UG","4","JR","DEF2","A-","RE","adam.e.maldonado@fakeu.edu"
"13","413084398","Richardson","Victor","UG","4","SR","DEF1","B","RE","victor.x.richardson@fakeu.edu"
"14","621106306","Callahan","Sofia","UG","4","JR","DEF2","A-","RE","sofia.j.callahan@fakeu.edu"
"15","815760760","White","Jonathan","UG","4","SR","DEF2","B","RE","jonathan.g.white@fakeu.edu"
"16","140397857","Jones","Jordan","UL","4","UL","DEF1","A+","RE","jordan.j.jones1@fakeu.edu"
"17","818211395","Cooper","Aaron","UG","4","SR","DEF1","C+","RE","aaron.a.cooper@fakeu.edu"
"18","840267212","Matthews","Olivia","UG","4","SR","DEF2","B-","RE","olivia.l.matthews@fakeu.edu"
"19","538170924","Todd","Ethan","UG","4","SR","DEF1","B-","RE","ethan.s.todd@fakeu.edu"
"20","224191047","Ramirez","Aiden","UG","4","JR","DEF1","B+","RE","aiden.e.ramirez@fakeu.edu"
"21","944504314","Stevenson","Jason","UG","4","JR","DEF1","B+","RE","jason.l.stevenson@fakeu.edu"
"22","122425861","Livingston","Daniel","ND","4","ND","O253","A+","RE","daniel.j.livingston@fakeu.edu"
"23","509947316","Haynes","Isabella","UG","4","JR","OTH4","A","RE","isabella.h.haynes@fakeu.edu"
"24","111264617","Fox","Aria","UG","4","SR","DEF2","B+","RE","aria.h.fox@fakeu.edu"
"25","713054986","Morrison","Abigail","UG","4","SR","DEF1","F","RE","abigail.e.morrison@fakeu.edu"
"26","191445922","Nelson","Maya","UG","4","JR","DEF1","D-","RE","maya.d.nelson@fakeu.edu"
"27","242917591","Riley","Jacob","UG","4","SR","DEF1","A-","RE","jacob.m.riley@fakeu.edu"
"28","897241697","Roberts","Victoria","UG","4","SR","O254","B+","RE","victoria.a.roberts@fakeu.edu"
"29","890006043","Huber","Michael","UG","4","SR","DEF1","F","RE","michael.a.huber@fakeu.edu"
"30","556593164","Guerrero","Tyler","UG","4","SR","DEF1","B+","RE","tyler.e.guerrero@fakeu.edu"
"31","297080624","Moss","Joseph","ND","4","ND","O253","B-","RE","joseph.g.moss@fakeu.edu"
""
"CID","TERM","SUBJ","CRSE","SEC","UNITS"
"38429","200610","DEF","250","1","4"
""
"INSTRUCTOR(S)","TYPE","DAYS","TIME","BUILD","ROOM"
"Lopez, Joseph S.","Lecture","MW","2:10 PM - 3:30 PM","MB3","1066"
"","Discussion","MW","3:40 PM - 4:00 PM","MB3","1066"
""
"SEAT","SID","SURNAME","PREFNAME","LEVEL","UNITS","CLASS","MAJOR","GRADE","STATUS","EMAIL"
"1","658907953","Walker","Adrian","UG","4","SR","DEF2","C-","RE","adrian.j.walker@fakeu.edu"
"2","123897369","Rogers","Zoe","UG","4","SR","DEF2","A","RE","zoe.d.rogers@fakeu.edu"
"3","534335879","Norris","Alejandro","UG","4","SR","DEF2","B","RE","alejandro.k.norris@fakeu.edu"
"4","459725706","King","Alyssa","UG","4","SR","DEF1","A","RE","alyssa.j.king@fakeu.edu"
"5","766155299","Thompson","Hannah","UG","4","SR","DEF1","B+","RE","hannah.i.thompson@fakeu.edu"
"6","817196502","Woods","Mason","UG","4","SR","DEF1","C+","RE","mason.j.woods@fakeu.edu"
"7","714364278","Ryan","Samuel","UG","4","SR","DEF1","B-","RE","samuel.r.ryan@fakeu.edu"
"8","304384321","Hall","Ryan","UG","4","SR","DEF1","B-","RE","ryan.j.hall@fakeu.edu"
"9","984589469","Preston","Emily","UG","4","SR","DEF1","C+","RE","emily.i.preston@fakeu.edu"
"10","768467033","Mason","Jayden","UG","4","SR","DEF1","A","RE","jayden.j.mason@fakeu.edu"
"11","948014128","Chapman","Arianna","UG","4","SR","DEF1","C-","RE","arianna.a.chapman@fakeu.edu"
"12","766973301","Maldonado","Liam","UG","4","SR","DEF2","A","RE","liam.m.maldonado1@fakeu.edu"
"13","540678228","Gonzales","Isabella","UG","4","SR","DEF1","C-","RE","isabella.z.gonzales@fakeu.edu"
"14","358381734","Jones","Angel","UG","4","SR","DEF1","A","RE","angel.m.jones1@fakeu.edu"
"15","598885586","Miller","Audrey","UG","4","SR","DEF2","C+","RE","audrey.r.miller@fakeu.edu"
"16","141359263","Lopez","Joseph","UG","4","JR","ABC2","F","RE","joseph.m.lopez@fakeu.edu"
"17","977241662","Smith","Natalie","UG","4","JR","DEF1","C","RE","natalie.o.smith@fakeu.edu"
"18","556593164","Guerrero","Tyler","UG","4","SR","DEF1","C","RE","tyler.e.guerrero@fakeu.edu"
"19","740173875","Browning","Jonathan","UL","4","UL","DEF1","C","RE","jonathan.m.browning@fakeu.edu"
"20","890852039","Thompson","Hailey","GR","4","GM","DEFG","C","RE","hailey.o.thompson@fakeu.edu"
"21","859220100","Green","Maria","GR","4","D1","OT76","A-","RE","maria.m.green@fakeu.edu"
"22","414331740","Smith","Samantha","GR","4","D1","DEFG","A","RE","samantha.b.smith1@fakeu.edu"
"23","840267212","Matthews","Olivia","UG","4","SR","DEF2","F","RE","olivia.l.matthews@fakeu.edu"
"24","252121449","Johnson","Madison","UG","4","SR","DEF2","B-","RE","madison.j.johnson@fakeu.edu"
"25","419999450","Castaneda","Isaac","UG","4","SR","DEF1","C","RE","isaac.h.castaneda@fakeu.edu"
"26","324845756","Perez","Michael","UG","4","SR","DEF1","C","RE","michael.a.perez@fakeu.edu"
"27","326917153","Parks","Ashley","UG","4","JR","DEF2","C","RE","ashley.l.parks@fakeu.edu"
"28","865941195","Schneider","Ethan","ND","4","ND","O253","F","RE","ethan.h.schneider@fakeu.edu"
"29","509442388","Justice","Gael","UG","4","SR","DEF2","B-","RE","gael.p.justice@fakeu.edu"
"30","839671301","Powers","Benjamin","UG","4","SR","DEF2","B-","RE","benjamin.j.powers@fakeu.edu"
"31","140397857","Jones","Jordan","UL","4","UL","DEF1","C+","RE","jordan.j.jones1@fakeu.edu"
"32","581632287","Oliver","Alex","UG","4","SR","DEF1","B","RE","alex.c.oliver@fakeu.edu"
"33","883882077","Dickson","Ian","ND","4","ND","O253","A","RE","ian.a.dickson@fakeu.edu"
""
"CID","TERM","SUBJ","CRSE","SEC","UNITS"
"71397","200610","DEF","254","1","4"
""
"INSTRUCTOR(S)","TYPE","DAYS","TIME","BUILD","ROOM"
"Downs, Jesus C.","Discussion","M","10:00 AM - 10:50 AM","LH5","19"
"","Lecture","MWF","11:00 AM - 11:50 AM","TB3","174"
""
"SEAT","SID","SURNAME","PREFNAME","LEVEL","UNITS","CLASS","MAJOR","GRADE","STATUS","EMAIL"
"1","468798946","Crawford","Jonathan","UG","4","SR","DEF2","C+","RE","jonathan.j.crawford@fakeu.edu"
"2","534335879","Norris","Alejandro","UG","4","SR","DEF2","B+","RE","alejandro.k.norris@fakeu.edu"
"3","168440215","Andrews","Steven","UG","4","SR","DEF2","B-","RE","steven.s.andrews@fakeu.edu"
"4","948714278","Vega","Jayden","UG","4","SR","DEF2","A-","RE","jayden.j.vega1@fakeu.edu"
"5","662485479","Graham","Caleb","UG","4","SR","DEF2","B+","RE","caleb.c.graham@fakeu.edu"
"6","839671301","Powers","Benjamin","UG","4","SR","DEF2","B-","RE","benjamin.j.powers@fakeu.edu"
"7","674614180","Villarreal","Andrew","UL","4","UL","DEF1","A","RE","andrew.d.villarreal@fakeu.edu"
"8","894553687","Boone","Genesis","UG","4","SR","DEF1","B-","RE","genesis.s.boone@fakeu.edu"
"9","142571213","Miller","Vincent","GR","4","GM","DEFG","A","RE","vincent.v.miller@fakeu.edu"
"10","360332210","Leonard","David","UG","4","SR","DEF2","F","RE","david.s.leonard@fakeu.edu"
"11","343407072","Thomas","Daniel","UG","4","SR","DEF2","B-","RE","daniel.l.thomas@fakeu.edu"
"12","828523170","Logan","Owen","UG","4","SR","DEF1","C+","RE","owen.m.logan@fakeu.edu"
"13","572938747","Simpson","Joseph","GR","4","GM","DEFG","A","RE","joseph.x.simpson@fakeu.edu"
"14","324845756","Perez","Michael","UG","4","SR","DEF1","B","RE","michael.a.perez@fakeu.edu"
"15","492542314","Perez","Jack","ND","4","ND","O253","A-","RE","jack.a.perez@fakeu.edu"
""
"CID","TERM","SUBJ","CRSE","SEC","UNITS"
"48804","200610","DEF","258","1","5"
""
"INSTRUCTOR(S)","TYPE","DAYS","TIME","BUILD","ROOM"
"Goodwin, David A.","Lecture","TR","9:00 AM - 10:20 AM","LH5","34"
"","Laboratory","T","3:10 PM - 7:00 PM","MB4","2230"
"","Laboratory","S","","MB4","2230"
""
"SEAT","SID","SURNAME","PREFNAME","LEVEL","UNITS","CLASS","MAJOR","GRADE","STATUS","EMAIL"
"1","183671971","Brown","Aiden","UG","5","SR","DEF1","F","RE","aiden.g.brown@fakeu.edu"
"2","788993047","Lucas","Grace","UG","5","SR","OTH7","A+","RE","grace.s.lucas@fakeu.edu"
"3","912600867","Martin","Joshua","UG","5","SR","ABC2","A+","RE","joshua.r.martin@fakeu.edu"
"4","275201592","Jackson","Adrian","UG","5","SR","ABC2","A+","RE","adrian.a.jackson@fakeu.edu"
"5","533557004","Richards","Isaiah","UG","5","SR","ABC1","B","RE","isaiah.j.richards1@fakeu.edu"
"6","996806069","Hill","Scarlett","UG","5","SR","ABC2","C","RE","scarlett.v.hill@fakeu.edu"
"7","839301784","Gonzalez","Owen","UG","5","JR","DEF1","A+","RE","owen.a.gonzalez@fakeu.edu"
"8","783699805","Skinner","Santiago","UG","5","JR","ABC2","B+","RE","santiago.a.skinner@fakeu.edu"
"9","645965890","Palmer","Jacob","UG","5","JR","DEF1","I","RE","jacob.l.palmer@fakeu.edu"
"10","264638597","Townsend","Olivia","UG","5","JR","DEF1","A","RE","olivia.a.townsend@fakeu.edu"
"11","224191047","Ramirez","Aiden","UG","5","JR","DEF1","C","RE","aiden.e.ramirez@fakeu.edu"
"12","883163309","Walker","Nathan","UG","5","JR","DEF1","F","RE","nathan.v.walker@fakeu.edu"
"13","647169717","Pennington","Emily","UL","5","UL","DEF1","D","RE","emily.j.pennington@fakeu.edu"
"14","251417235","Silva","Sophia","UG","5","JR","ABC2","B+","RE","sophia.j.silva@fakeu.edu"
"15","304981891","Little","Elijah","UG","5","JR","DEF1","B+","RE","elijah.j.little@fakeu.edu"
"16","413951684","Lewis","Joseph","UG","5","JR","DEF1","B","RE","joseph.d.lewis@fakeu.edu"
"17","191445922","Nelson","Maya","UG","5","JR","DEF1","B+","RE","maya.d.nelson@fakeu.edu"
"18","969230481","Stewart","Alyssa","UG","5","JR","DEF1","B","RE","alyssa.a.stewart@fakeu.edu"
""
"CID","TERM","SUBJ","CRSE","SEC","UNITS"
"45130","200610","DEF","258","2","5"
""
"INSTRUCTOR(S)","TYPE","DAYS","TIME","BUILD","ROOM"
"Goodwin, David A.","Lecture","TR","9:00 AM - 10:20 AM","LH5","34"
"","Laboratory","W","5:10 PM - 9:00 PM","MB4","2230"
"","Laboratory","S","","MB4","2230"
""
"SEAT","SID","SURNAME","PREFNAME","LEVEL","UNITS","CLASS","MAJOR","GRADE","STATUS","EMAIL"
"1","972502501","Perry","Ryan","UG","5","SR","ABC2","A+","RE","ryan.m.perry@fakeu.edu"
"2","952456626","Austin","Bella","UG","5","SR","ABC2","A","RE","bella.e.austin@fakeu.edu"
"3","721192944","Frazier","Daniel","UG","5","SR","ABC2","C+","RE","daniel.e.frazier@fakeu.edu"
"4","813374173","Watson","Brayden","UG","5","SR","ABC2","B-","RE","brayden.u.watson@fakeu.edu"
"5","360793205","Buckley","Leah","UG","5","SR","DEF2","A+","RE","leah.a.buckley@fakeu.edu"
"6","944504314","Stevenson","Jason","UG","5","JR","DEF1","B","RE","jason.l.stevenson@fakeu.edu"
"7","465469727","Peck","Charlotte","UG","5","JR","DEF1","B-","RE","charlotte.m.peck@fakeu.edu"
"8","319520853","Powell","Mila","UG","5","JR","ABC2","A-","RE","mila.i.powell@fakeu.edu"
"9","325156137","Tyson","Justin","UG","5","JR","DEF1","C+","RE","justin.e.tyson@fakeu.edu"
"10","231112359","Rich","Henry","UG","5","JR","DEF1","B","RE","henry.a.rich@fakeu.edu"
"11","978098380","Pitts","Evelyn","UG","5","SR","ABC2","B-","RE","evelyn.k.pitts@fakeu.edu"
"12","867198557","Brown","Ryan","UG","5","SR","DEF1","A-","RE","ryan.s.brown@fakeu.edu"
"13","684289632","Smith","Alyssa","UG","5","JR","DEF2","B","RE","alyssa.a.smith1@fakeu.edu"
"14","503522275","Rodriquez","Victoria","UG","5","JR","DEF1","B+","RE","victoria.m.rodriquez@fakeu.edu"
"15","899851464","Hinton","David","UG","5","JR","DEF1","B","RE","david.s.hinton@fakeu.edu"
"16","663766838","Mcmahon","Kevin","UG","5","SO","DEF1","C","RE","kevin.d.mcmahon@fakeu.edu"
"17","123385575","Clarke","Alexander","UG","5","SR","ABC2","F","RE","alexander.a.clarke@fakeu.edu"
"18","686605654","Smith","Matthew","UG","5","SR","DEF1","A-","RE","matthew.y.smith@fakeu.edu"
"19","158427529","Cunningham","Joshua","UG","5","SR","DEF2","A-","RE","joshua.a.cunningham@fakeu.edu"
"20","617548078","Jackson","Jordan","UG","5","SR","OTH7","A-","RE","jordan.l.jackson@fakeu.edu"
""
"CID","TERM","SUBJ","CRSE","SEC","UNITS"
"75236","200610","DEF","258","3","5"
""
"INSTRUCTOR(S)","TYPE","DAYS","TIME","BUILD","ROOM"
"Goodwin, David A.","Lecture","TR","9:00 AM - 10:20 AM","LH5","34"
"","Laboratory","R","2:10 PM - 6:00 PM","MB4","2230"
"","Laboratory","S","","MB4","2230"
""
"SEAT","SID","SURNAME","PREFNAME","LEVEL","UNITS","CLASS","MAJOR","GRADE","STATUS","EMAIL"
"1","802591074","Chavez","Sofia","UG","5","SR","OTH7","A+","RE","sofia.g.chavez@fakeu.edu"
"2","410807783","Scott","Delilah","UG","5","SR","ABC2","B+","RE","delilah.m.scott@fakeu.edu"
"3","887248914","Carver","Jeremiah","UG","5","SR","ABC2","A","RE","jeremiah.x.carver@fakeu.edu"
"4","578633994","Rowe","Ryan","UG","5","SR","ABC2","A+","RE","ryan.l.rowe@fakeu.edu"
"5","960354859","Faulkner","Jason","UG","5","SR","DEF1","C-","RE","jason.o.faulkner@fakeu.edu"
"6","516191153","Walsh","Emma","UG","5","JR","DEF1","A","RE","emma.z.walsh@fakeu.edu"
"7","805125948","Dyer","Michael","UG","5","JR","DEF1","A+","RE","michael.e.dyer@fakeu.edu"
"8","100377160","Crawford","Sofia","UG","5","JR","DEF1","A-","RE","sofia.l.crawford1@fakeu.edu"
"9","216063364","Lee","Giselle","UG","5","JR","DEF1","A+","RE","giselle.e.lee@fakeu.edu"
"10","533711788","Johnson","Alexa","UG","5","JR","DEF1","F","RE","alexa.s.johnson1@fakeu.edu"
"11","436950415","Fischer","Brayden","UG","5","JR","DEF1","A-","RE","brayden.a.fischer@fakeu.edu"
"12","476674834","Allen","Brooklyn","UG","5","JR","DEF1","C-","RE","brooklyn.m.allen@fakeu.edu"
"13","311447357","Brooks","Noah","UG","5","JR","DEF1","D+","RE","noah.j.brooks@fakeu.edu"
"14","727431413","Burns","Ayden","UG","5","JR","DEF1","A+","RE","ayden.j.burns@fakeu.edu"
"15","712956045","Cole","Jonathan","UG","5","JR","DEF2","F","RE","jonathan.d.cole@fakeu.edu"
"16","739251131","Brown","Diego","UG","5","SR","ABC2","A-","RE","diego.h.brown@fakeu.edu"
"17","125777693","Kim","Charlotte","UG","5","JR","DEF1","C+","RE","charlotte.x.kim@fakeu.edu"
"18","784736586","Miller","Levi","UG","5","JR","DEF1","A","RE","levi.n.miller@fakeu.edu"
"19","656547839","Castillo","Caleb","UG","5","JR","DEF2","B","RE","caleb.a.castillo@fakeu.edu"
"20","487103074","Williams","Giselle","UG","5","SR","ABC2","F","RE","giselle.s.williams@fakeu.edu"
""
"CID","TERM","SUBJ","CRSE","SEC","UNITS"
"16501","200610","DEF","258","4","5"
""
"INSTRUCTOR(S)","TYPE","DAYS","TIME","BUILD","ROOM"
"Goodwin, David A.","Lecture","TR","9:00 AM - 10:20 AM","LH5","34"
"","Laboratory","M","5:10 PM - 9:00 PM","MB4","2230"
"","Laboratory","S","","MB4","2230"
""
"SEAT","SID","SURNAME","PREFNAME","LEVEL","UNITS","CLASS","MAJOR","GRADE","STATUS","EMAIL"
"1","762003259","Frye","Evan","UG","5","JR","DEF1","C+","RE","evan.a.frye@fakeu.edu"
"2","342969280","Roberson","Benjamin","UG","5","SR","DEF1","A+","RE","benjamin.k.roberson@fakeu.edu"
"3","750752349","Hall","Charlotte","UG","5","JR","DEF1","A-","RE","charlotte.k.hall@fakeu.edu"
"4","710076550","Bonner","Ethan","UG","5","JR","DEF2","A-","RE","ethan.g.bonner@fakeu.edu"
"5","769387833","Curry","Joseph","UG","5","JR","DEF1","C","RE","joseph.g.curry@fakeu.edu"
"6","865778587","Gibson","Carlos","GR","5","GM","DEFG","C","RE","carlos.a.gibson@fakeu.edu"
"7","503985622","Weiss","Lucas","UG","5","SR","ABC2","C+","RE","lucas.a.weiss@fakeu.edu"
"8","835335814","Price","Alyssa","UG","5","SR","ABC1","F","RE","alyssa.a.price@fakeu.edu"
"9","913643334","Garcia","Daniel","UG","5","JR","DEF1","A","RE","daniel.a.garcia@fakeu.edu"
"10","465546603","Snyder","Jacob","UG","5","JR","DEF2","A-","RE","jacob.o.snyder@fakeu.edu"
"11","841380477","Mcgee","Ava","UG","5","JR","DEF1","C+","RE","ava.a.mcgee@fakeu.edu"
"12","754042150","James","Emma","UG","5","SR","ABC1","A+","RE","emma.l.james@fakeu.edu"
"13","281905115","Edwards","Angel","ND","5","ND","O253","A-","RE","angel.a.edwards@fakeu.edu"
"14","762151817","Reese","Genesis","UG","5","JR","DEF1","B-","RE","genesis.n.reese@fakeu.edu"
"15","293050804","Ramirez","Elias","UG","5","SR","DEF1","B","RE","elias.j.ramirez@fakeu.edu"
"16","512293446","Armstrong","Anthony","UG","5","SR","DEF1","C","RE","anthony.g.armstrong@fakeu.edu"
"17","919470492","Ross","Noah","UG","5","JR","DEF1","A-","RE","noah.e.ross@fakeu.edu"
"18","669526809","Evans","Leonardo","UG","5","SR","DEF2","C","RE","leonardo.m.evans@fakeu.edu"
"19","842144019","Scott","Christian","UG","5","SR","DEF1","NS","RE","christian.a.scott@fakeu.edu"
""
"CID","TERM","SUBJ","CRSE","SEC","UNITS"
"21066","200610","DEF","261","1","2"
""
"INSTRUCTOR(S)","TYPE","DAYS","TIME","BUILD","ROOM"
""
"SEAT","SID","SURNAME","PREFNAME","LEVEL","UNITS","CLASS","MAJOR","GRADE","STATUS","EMAIL"
""
"CID","TERM","SUBJ","CRSE","SEC","UNITS"
"90521","200610","DEF","285","1","1"
""
"INSTRUCTOR(S)","TYPE","DAYS","TIME","BUILD","ROOM"
"Gibson, Melanie M.","Discussion","","","",""
""
"SEAT","SID","SURNAME","PREFNAME","LEVEL","UNITS","CLASS","MAJOR","GRADE","STATUS","EMAIL"
""
"CID","TERM","SUBJ","CRSE","SEC","UNITS"
"51977","200610","DEF","285","2","1"
""
"INSTRUCTOR(S)","TYPE","DAYS","TIME","BUILD","ROOM"
"Stafford, Aaliyah A.","Discussion","","","",""
""
"SEAT","SID","SURNAME","PREFNAME","LEVEL","UNITS","CLASS","MAJOR","GRADE","STATUS","EMAIL"
""
"CID","TERM","SUBJ","CRSE","SEC","UNITS"
"63477","200610","DEF","285","3","1"
""
"INSTRUCTOR(S)","TYPE","DAYS","TIME","BUILD","ROOM"
"Goodwin, David A.","Discussion","","","",""
""
"SEAT","SID","SURNAME","PREFNAME","LEVEL","UNITS","CLASS","MAJOR","GRADE","STATUS","EMAIL"
""
"CID","TERM","SUBJ","CRSE","SEC","UNITS"
"88099","200610","DEF","285","4","1"
""
"INSTRUCTOR(S)","TYPE","DAYS","TIME","BUILD","ROOM"
"Walker, Violet A.","Discussion","","","",""
""
"SEAT","SID","SURNAME","PREFNAME","LEVEL","UNITS","CLASS","MAJOR","GRADE","STATUS","EMAIL"
""
"CID","TERM","SUBJ","CRSE","SEC","UNITS"
"98262","200610","DEF","285","5","1"
""
"INSTRUCTOR(S)","TYPE","DAYS","TIME","BUILD","ROOM"
"Mason, Daniel M.","Discussion","","","",""
""
"SEAT","SID","SURNAME","PREFNAME","LEVEL","UNITS","CLASS","MAJOR","GRADE","STATUS","EMAIL"
""
"CID","TERM","SUBJ","CRSE","SEC","UNITS"
"97057","200610","DEF","285","6","1"
""
"INSTRUCTOR(S)","TYPE","DAYS","TIME","BUILD","ROOM"
"Moody, Emma F.","Discussion","","","",""
""
"SEAT","SID","SURNAME","PREFNAME","LEVEL","UNITS","CLASS","MAJOR","GRADE","STATUS","EMAIL"
""
"CID","TERM","SUBJ","CRSE","SEC","UNITS"
"87455","200610","DEF","285","7","1"
""
"INSTRUCTOR(S)","TYPE","DAYS","TIME","BUILD","ROOM"
"Perry, Austin A.","Discussion","","","",""
""
"SEAT","SID","SURNAME","PREFNAME","LEVEL","UNITS","CLASS","MAJOR","GRADE","STATUS","EMAIL"
""
"CID","TERM","SUBJ","CRSE","SEC","UNITS"
"99589","200610","DEF","285","8","1"
""
"INSTRUCTOR(S)","TYPE","DAYS","TIME","BUILD","ROOM"
"Turner, Giovanni E.","Discussion","","","",""
""
"SEAT","SID","SURNAME","PREFNAME","LEVEL","UNITS","CLASS","MAJOR","GRADE","STATUS","EMAIL"
""
"CID","TERM","SUBJ","CRSE","SEC","UNITS"
"10086","200610","DEF","285","9","1"
""
"INSTRUCTOR(S)","TYPE","DAYS","TIME","BUILD","ROOM"
"Cox, Jordan V.","Discussion","","","",""
""
"SEAT","SID","SURNAME","PREFNAME","LEVEL","UNITS","CLASS","MAJOR","GRADE","STATUS","EMAIL"
""
"CID","TERM","SUBJ","CRSE","SEC","UNITS"
"52124","200610","DEF","285","10","1"
""
"INSTRUCTOR(S)","TYPE","DAYS","TIME","BUILD","ROOM"
"","Discussion","","","",""
""
"SEAT","SID","SURNAME","PREFNAME","LEVEL","UNITS","CLASS","MAJOR","GRADE","STATUS","EMAIL"
""
"CID","TERM","SUBJ","CRSE","SEC","UNITS"
"50277","200610","DEF","285","11","1"
""
"INSTRUCTOR(S)","TYPE","DAYS","TIME","BUILD","ROOM"
"Lee, Nathaniel E.","Discussion","","","",""
""
"SEAT","SID","SURNAME","PREFNAME","LEVEL","UNITS","CLASS","MAJOR","GRADE","STATUS","EMAIL"
""
"CID","TERM","SUBJ","CRSE","SEC","UNITS"
"33544","200610","DEF","285","12","1"
""
"INSTRUCTOR(S)","TYPE","DAYS","TIME","BUILD","ROOM"
"Sanders, Ruby I.","Discussion","","","",""
""
"SEAT","SID","SURNAME","PREFNAME","LEVEL","UNITS","CLASS","MAJOR","GRADE","STATUS","EMAIL"
""
"CID","TERM","SUBJ","CRSE","SEC","UNITS"
"66539","200610","DEF","285","13","1"
""
"INSTRUCTOR(S)","TYPE","DAYS","TIME","BUILD","ROOM"
"White, Jonathan E.","Discussion","","","",""
""
"SEAT","SID","SURNAME","PREFNAME","LEVEL","UNITS","CLASS","MAJOR","GRADE","STATUS","EMAIL"
""
"CID","TERM","SUBJ","CRSE","SEC","UNITS"
"30177","200610","DEF","285","14","1"
""
"INSTRUCTOR(S)","TYPE","DAYS","TIME","BUILD","ROOM"
"Dalton, Jorge A.","Discussion","","","",""
""
"SEAT","SID","SURNAME","PREFNAME","LEVEL","UNITS","CLASS","MAJOR","GRADE","STATUS","EMAIL"
""
"CID","TERM","SUBJ","CRSE","SEC","UNITS"
"39526","200610","DEF","285","15","1"
""
"INSTRUCTOR(S)","TYPE","DAYS","TIME","BUILD","ROOM"
"Rogers, Matthew A.","Discussion","","","",""
""
"SEAT","SID","SURNAME","PREFNAME","LEVEL","UNITS","CLASS","MAJOR","GRADE","STATUS","EMAIL"
""
"CID","TERM","SUBJ","CRSE","SEC","UNITS"
"76566","200610","DEF","285","16","1"
""
"INSTRUCTOR(S)","TYPE","DAYS","TIME","BUILD","ROOM"
"Martin, Audrey T.","Discussion","","","",""
""
"SEAT","SID","SURNAME","PREFNAME","LEVEL","UNITS","CLASS","MAJOR","GRADE","STATUS","EMAIL"
"1","598885586","Miller","Audrey","UG","1","SR","DEF2","P","RE","audrey.r.miller@fakeu.edu"
""
"CID","TERM","SUBJ","CRSE","SEC","UNITS"
"30813","200610","DEF","285","17","1"
""
"INSTRUCTOR(S)","TYPE","DAYS","TIME","BUILD","ROOM"
"Sanders, Julian R.","Discussion","","","",""
""
"SEAT","SID","SURNAME","PREFNAME","LEVEL","UNITS","CLASS","MAJOR","GRADE","STATUS","EMAIL"
""
"CID","TERM","SUBJ","CRSE","SEC","UNITS"
"69451","200610","DEF","285","18","1"
""
"INSTRUCTOR(S)","TYPE","DAYS","TIME","BUILD","ROOM"
"Wiley, Natalie A.","Discussion","","","",""
""
"SEAT","SID","SURNAME","PREFNAME","LEVEL","UNITS","CLASS","MAJOR","GRADE","STATUS","EMAIL"
""
"CID","TERM","SUBJ","CRSE","SEC","UNITS"
"21443","200610","DEF","285","19","1"
""
"INSTRUCTOR(S)","TYPE","DAYS","TIME","BUILD","ROOM"
"Ayala, Sophia A.","Discussion","","","",""
""
"SEAT","SID","SURNAME","PREFNAME","LEVEL","UNITS","CLASS","MAJOR","GRADE","STATUS","EMAIL"
""
"CID","TERM","SUBJ","CRSE","SEC","UNITS"
"29012","200610","DEF","285","20","1"
""
"INSTRUCTOR(S)","TYPE","DAYS","TIME","BUILD","ROOM"
"Harper, Samuel M.","Discussion","","","",""
""
"SEAT","SID","SURNAME","PREFNAME","LEVEL","UNITS","CLASS","MAJOR","GRADE","STATUS","EMAIL"
""
"CID","TERM","SUBJ","CRSE","SEC","UNITS"
"39344","200610","DEF","285","21","1"
""
"INSTRUCTOR(S)","TYPE","DAYS","TIME","BUILD","ROOM"
"Terry, Sophie L.","Discussion","","","",""
""
"SEAT","SID","SURNAME","PREFNAME","LEVEL","UNITS","CLASS","MAJOR","GRADE","STATUS","EMAIL"
""
"CID","TERM","SUBJ","CRSE","SEC","UNITS"
"75358","200610","DEF","285","22","1"
""
"INSTRUCTOR(S)","TYPE","DAYS","TIME","BUILD","ROOM"
"Suarez, Julian J.","Discussion","","","",""
""
"SEAT","SID","SURNAME","PREFNAME","LEVEL","UNITS","CLASS","MAJOR","GRADE","STATUS","EMAIL"
"1","284786183","Harris","Mia","ND","1","ND","O253","P","RE","mia.o.harris@fakeu.edu"
""
"CID","TERM","SUBJ","CRSE","SEC","UNITS"
"65306","200610","DEF","285","23","1"
""
"INSTRUCTOR(S)","TYPE","DAYS","TIME","BUILD","ROOM"
"","Discussion","","","",""
""
"SEAT","SID","SURNAME","PREFNAME","LEVEL","UNITS","CLASS","MAJOR","GRADE","STATUS","EMAIL"
""
"CID","TERM","SUBJ","CRSE","SEC","UNITS"
"16127","200610","DEF","285","24","1"
""
"INSTRUCTOR(S)","TYPE","DAYS","TIME","BUILD","ROOM"
"Lopez, Joseph S.","Discussion","","","",""
""
"SEAT","SID","SURNAME","PREFNAME","LEVEL","UNITS","CLASS","MAJOR","GRADE","STATUS","EMAIL"
"1","883882077","Dickson","Ian","ND","1","ND","O253","P","RE","ian.a.dickson@fakeu.edu"
""
"CID","TERM","SUBJ","CRSE","SEC","UNITS"
"65643","200610","DEF","285","25","1"
""
"INSTRUCTOR(S)","TYPE","DAYS","TIME","BUILD","ROOM"
"Griffith, Dylan J.","Discussion","","","",""
""
"SEAT","SID","SURNAME","PREFNAME","LEVEL","UNITS","CLASS","MAJOR","GRADE","STATUS","EMAIL"
""
"CID","TERM","SUBJ","CRSE","SEC","UNITS"
"43924","200610","DEF","285","26","1"
""
"INSTRUCTOR(S)","TYPE","DAYS","TIME","BUILD","ROOM"
"Davis, Eva J.","Discussion","","","",""
""
"SEAT","SID","SURNAME","PREFNAME","LEVEL","UNITS","CLASS","MAJOR","GRADE","STATUS","EMAIL"
""
"CID","TERM","SUBJ","CRSE","SEC","UNITS"
"46897","200610","DEF","285","27","1"
""
"INSTRUCTOR(S)","TYPE","DAYS","TIME","BUILD","ROOM"
"","Discussion","","","",""
""
"SEAT","SID","SURNAME","PREFNAME","LEVEL","UNITS","CLASS","MAJOR","GRADE","STATUS","EMAIL"
""
"CID","TERM","SUBJ","CRSE","SEC","UNITS"
"51432","200610","DEF","285","28","1"
""
"INSTRUCTOR(S)","TYPE","DAYS","TIME","BUILD","ROOM"
"Wagner, Jayden G.","Discussion","","","",""
""
"SEAT","SID","SURNAME","PREFNAME","LEVEL","UNITS","CLASS","MAJOR","GRADE","STATUS","EMAIL"
""
"CID","TERM","SUBJ","CRSE","SEC","UNITS"
"73207","200610","DEF","285","29","1"
""
"INSTRUCTOR(S)","TYPE","DAYS","TIME","BUILD","ROOM"
"","Discussion","","","",""
""
"SEAT","SID","SURNAME","PREFNAME","LEVEL","UNITS","CLASS","MAJOR","GRADE","STATUS","EMAIL"
""
"CID","TERM","SUBJ","CRSE","SEC","UNITS"
"48356","200610","DEF","285","30","1"
""
"INSTRUCTOR(S)","TYPE","DAYS","TIME","BUILD","ROOM"
"Kennedy, Aiden J.","Discussion","","","",""
""
"SEAT","SID","SURNAME","PREFNAME","LEVEL","UNITS","CLASS","MAJOR","GRADE","STATUS","EMAIL"
""
"CID","TERM","SUBJ","CRSE","SEC","UNITS"
"27574","200610","DEF","285","31","1"
""
"INSTRUCTOR(S)","TYPE","DAYS","TIME","BUILD","ROOM"
"","Discussion","","","",""
""
"SEAT","SID","SURNAME","PREFNAME","LEVEL","UNITS","CLASS","MAJOR","GRADE","STATUS","EMAIL"
""
"CID","TERM","SUBJ","CRSE","SEC","UNITS"
"34891","200610","DEF","285","32","1"
""
"INSTRUCTOR(S)","TYPE","DAYS","TIME","BUILD","ROOM"
"Davenport, Jackson L.","Discussion","","","",""
""
"SEAT","SID","SURNAME","PREFNAME","LEVEL","UNITS","CLASS","MAJOR","GRADE","STATUS","EMAIL"
""
"CID","TERM","SUBJ","CRSE","SEC","UNITS"
"38195","200610","DEF","285","33","1"
""
"INSTRUCTOR(S)","TYPE","DAYS","TIME","BUILD","ROOM"
"Tyler, Isaac J.","Discussion","","","",""
""
"SEAT","SID","SURNAME","PREFNAME","LEVEL","UNITS","CLASS","MAJOR","GRADE","STATUS","EMAIL"
""
"CID","TERM","SUBJ","CRSE","SEC","UNITS"
"13060","200610","DEF","285","34","1"
""
"INSTRUCTOR(S)","TYPE","DAYS","TIME","BUILD","ROOM"
"Williams, Alexander A.","Discussion","","","",""
""
"SEAT","SID","SURNAME","PREFNAME","LEVEL","UNITS","CLASS","MAJOR","GRADE","STATUS","EMAIL"
""
"CID","TERM","SUBJ","CRSE","SEC","UNITS"
"43434","200610","DEF","285","35","1"
""
"INSTRUCTOR(S)","TYPE","DAYS","TIME","BUILD","ROOM"
"Mcdaniel, Elijah I.","Discussion","","","",""
""
"SEAT","SID","SURNAME","PREFNAME","LEVEL","UNITS","CLASS","MAJOR","GRADE","STATUS","EMAIL"
"1","817196502","Woods","Mason","UG","1","SR","DEF1","I","RE","mason.j.woods@fakeu.edu"
"2","442722486","Myers","Angel","UG","1","SR","DEF1","I","RE","angel.a.myers@fakeu.edu"
""
"CID","TERM","SUBJ","CRSE","SEC","UNITS"
"10447","200610","DEF","285","36","1"
""
"INSTRUCTOR(S)","TYPE","DAYS","TIME","BUILD","ROOM"
"","Discussion","","","",""
""
"SEAT","SID","SURNAME","PREFNAME","LEVEL","UNITS","CLASS","MAJOR","GRADE","STATUS","EMAIL"
""
"CID","TERM","SUBJ","CRSE","SEC","UNITS"
"77826","200610","DEF","285","37","1"
""
"INSTRUCTOR(S)","TYPE","DAYS","TIME","BUILD","ROOM"
"Hodges, Jose I.","Discussion","","","",""
""
"SEAT","SID","SURNAME","PREFNAME","LEVEL","UNITS","CLASS","MAJOR","GRADE","STATUS","EMAIL"
""
"CID","TERM","SUBJ","CRSE","SEC","UNITS"
"89467","200610","DEF","285","38","1"
""
"INSTRUCTOR(S)","TYPE","DAYS","TIME","BUILD","ROOM"
"Smith, Layla N.","Discussion","","","",""
""
"SEAT","SID","SURNAME","PREFNAME","LEVEL","UNITS","CLASS","MAJOR","GRADE","STATUS","EMAIL"
""
"CID","TERM","SUBJ","CRSE","SEC","UNITS"
"32039","200610","DEF","285","39","1"
""
"INSTRUCTOR(S)","TYPE","DAYS","TIME","BUILD","ROOM"
"","Discussion","","","",""
""
"SEAT","SID","SURNAME","PREFNAME","LEVEL","UNITS","CLASS","MAJOR","GRADE","STATUS","EMAIL"
""
"CID","TERM","SUBJ","CRSE","SEC","UNITS"
"56477","200610","DEF","285","40","1"
""
"INSTRUCTOR(S)","TYPE","DAYS","TIME","BUILD","ROOM"
"Snyder, Samantha R.","Discussion","","","",""
""
"SEAT","SID","SURNAME","PREFNAME","LEVEL","UNITS","CLASS","MAJOR","GRADE","STATUS","EMAIL"
""
"CID","TERM","SUBJ","CRSE","SEC","UNITS"
"39333","200610","DEF","285","41","1"
""
"INSTRUCTOR(S)","TYPE","DAYS","TIME","BUILD","ROOM"
"Nicholson, Jackson N.","Discussion","","","",""
""
"SEAT","SID","SURNAME","PREFNAME","LEVEL","UNITS","CLASS","MAJOR","GRADE","STATUS","EMAIL"
""
"CID","TERM","SUBJ","CRSE","SEC","UNITS"
"45322","200610","DEF","285","42","1"
""
"INSTRUCTOR(S)","TYPE","DAYS","TIME","BUILD","ROOM"
"Mccarty, Anthony Z.","Discussion","","","",""
""
"SEAT","SID","SURNAME","PREFNAME","LEVEL","UNITS","CLASS","MAJOR","GRADE","STATUS","EMAIL"
""
"CID","TERM","SUBJ","CRSE","SEC","UNITS"
"19281","200610","DEF","285","43","1"
""
"INSTRUCTOR(S)","TYPE","DAYS","TIME","BUILD","ROOM"
"Morris, Sebastian B.","Discussion","","","",""
""
"SEAT","SID","SURNAME","PREFNAME","LEVEL","UNITS","CLASS","MAJOR","GRADE","STATUS","EMAIL"
""
"CID","TERM","SUBJ","CRSE","SEC","UNITS"
"53161","200610","DEF","285","44","1"
""
"INSTRUCTOR(S)","TYPE","DAYS","TIME","BUILD","ROOM"
"Olson, Jennifer D.","Discussion","","","",""
""
"SEAT","SID","SURNAME","PREFNAME","LEVEL","UNITS","CLASS","MAJOR","GRADE","STATUS","EMAIL"
""
"CID","TERM","SUBJ","CRSE","SEC","UNITS"
"37662","200610","DEF","285","45","1"
""
"INSTRUCTOR(S)","TYPE","DAYS","TIME","BUILD","ROOM"
"West, Henry A.","Discussion","","","",""
""
"SEAT","SID","SURNAME","PREFNAME","LEVEL","UNITS","CLASS","MAJOR","GRADE","STATUS","EMAIL"
""
"CID","TERM","SUBJ","CRSE","SEC","UNITS"
"60592","200610","DEF","285","46","1"
""
"INSTRUCTOR(S)","TYPE","DAYS","TIME","BUILD","ROOM"
"Anderson, Samuel J.","Discussion","","","",""
""
"SEAT","SID","SURNAME","PREFNAME","LEVEL","UNITS","CLASS","MAJOR","GRADE","STATUS","EMAIL"
"1","297080624","Moss","Joseph","ND","1","ND","O253","P","RE","joseph.g.moss@fakeu.edu"
"2","332246339","Johnson","Emma","UG","1","SR","DEF1","P","RE","emma.w.johnson@fakeu.edu"
"3","556593164","Guerrero","Tyler","UG","1","SR","DEF1","P","RE","tyler.e.guerrero@fakeu.edu"
""
"CID","TERM","SUBJ","CRSE","SEC","UNITS"
"44260","200610","DEF","286","1","1.000 - 5.000"
""
"INSTRUCTOR(S)","TYPE","DAYS","TIME","BUILD","ROOM"
"Gibson, Melanie M.","Internship","","","",""
""
"SEAT","SID","SURNAME","PREFNAME","LEVEL","UNITS","CLASS","MAJOR","GRADE","STATUS","EMAIL"
""
"CID","TERM","SUBJ","CRSE","SEC","UNITS"
"61710","200610","DEF","286","2","1.000 - 5.000"
""
"INSTRUCTOR(S)","TYPE","DAYS","TIME","BUILD","ROOM"
"Stafford, Aaliyah A.","Internship","","","",""
""
"SEAT","SID","SURNAME","PREFNAME","LEVEL","UNITS","CLASS","MAJOR","GRADE","STATUS","EMAIL"
""
"CID","TERM","SUBJ","CRSE","SEC","UNITS"
"30359","200610","DEF","286","3","1.000 - 5.000"
""
"INSTRUCTOR(S)","TYPE","DAYS","TIME","BUILD","ROOM"
"Goodwin, David A.","Internship","","","",""
""
"SEAT","SID","SURNAME","PREFNAME","LEVEL","UNITS","CLASS","MAJOR","GRADE","STATUS","EMAIL"
"1","222678668","Acosta","Julian","UG","2","SR","DEF1","P","RE","julian.j.acosta@fakeu.edu"
""
"CID","TERM","SUBJ","CRSE","SEC","UNITS"
"64933","200610","DEF","286","4","1.000 - 5.000"
""
"INSTRUCTOR(S)","TYPE","DAYS","TIME","BUILD","ROOM"
"Walker, Violet A.","Internship","","","",""
""
"SEAT","SID","SURNAME","PREFNAME","LEVEL","UNITS","CLASS","MAJOR","GRADE","STATUS","EMAIL"
""
"CID","TERM","SUBJ","CRSE","SEC","UNITS"
"92812","200610","DEF","286","5","1.000 - 5.000"
""
"INSTRUCTOR(S)","TYPE","DAYS","TIME","BUILD","ROOM"
"Mason, Daniel M.","Internship","","","",""
""
"SEAT","SID","SURNAME","PREFNAME","LEVEL","UNITS","CLASS","MAJOR","GRADE","STATUS","EMAIL"
""
"CID","TERM","SUBJ","CRSE","SEC","UNITS"
"54699","200610","DEF","286","6","1.000 - 5.000"
""
"INSTRUCTOR(S)","TYPE","DAYS","TIME","BUILD","ROOM"
"Moody, Emma F.","Internship","","","",""
""
"SEAT","SID","SURNAME","PREFNAME","LEVEL","UNITS","CLASS","MAJOR","GRADE","STATUS","EMAIL"
""
"CID","TERM","SUBJ","CRSE","SEC","UNITS"
"15030","200610","DEF","286","7","1.000 - 5.000"
""
"INSTRUCTOR(S)","TYPE","DAYS","TIME","BUILD","ROOM"
"Perry, Austin A.","Internship","","","",""
""
"SEAT","SID","SURNAME","PREFNAME","LEVEL","UNITS","CLASS","MAJOR","GRADE","STATUS","EMAIL"
""
"CID","TERM","SUBJ","CRSE","SEC","UNITS"
"93295","200610","DEF","286","8","1.000 - 5.000"
""
"INSTRUCTOR(S)","TYPE","DAYS","TIME","BUILD","ROOM"
"Turner, Giovanni E.","Internship","","","",""
""
"SEAT","SID","SURNAME","PREFNAME","LEVEL","UNITS","CLASS","MAJOR","GRADE","STATUS","EMAIL"
""
"CID","TERM","SUBJ","CRSE","SEC","UNITS"
"56229","200610","DEF","286","9","1.000 - 5.000"
""
"INSTRUCTOR(S)","TYPE","DAYS","TIME","BUILD","ROOM"
"Cox, Jordan V.","Internship","","","",""
""
"SEAT","SID","SURNAME","PREFNAME","LEVEL","UNITS","CLASS","MAJOR","GRADE","STATUS","EMAIL"
""
"CID","TERM","SUBJ","CRSE","SEC","UNITS"
"56584","200610","DEF","286","10","1.000 - 5.000"
""
"INSTRUCTOR(S)","TYPE","DAYS","TIME","BUILD","ROOM"
"","Internship","","","",""
""
"SEAT","SID","SURNAME","PREFNAME","LEVEL","UNITS","CLASS","MAJOR","GRADE","STATUS","EMAIL"
""
"CID","TERM","SUBJ","CRSE","SEC","UNITS"
"72361","200610","DEF","286","11","1.000 - 5.000"
""
"INSTRUCTOR(S)","TYPE","DAYS","TIME","BUILD","ROOM"
"Lee, Nathaniel E.","Internship","","","",""
""
"SEAT","SID","SURNAME","PREFNAME","LEVEL","UNITS","CLASS","MAJOR","GRADE","STATUS","EMAIL"
""
"CID","TERM","SUBJ","CRSE","SEC","UNITS"
"81443","200610","DEF","286","12","1.000 - 5.000"
""
"INSTRUCTOR(S)","TYPE","DAYS","TIME","BUILD","ROOM"
"Sanders, Ruby I.","Internship","","","",""
""
"SEAT","SID","SURNAME","PREFNAME","LEVEL","UNITS","CLASS","MAJOR","GRADE","STATUS","EMAIL"
""
"CID","TERM","SUBJ","CRSE","SEC","UNITS"
"41382","200610","DEF","286","13","1.000 - 5.000"
""
"INSTRUCTOR(S)","TYPE","DAYS","TIME","BUILD","ROOM"
"White, Jonathan E.","Internship","","","",""
""
"SEAT","SID","SURNAME","PREFNAME","LEVEL","UNITS","CLASS","MAJOR","GRADE","STATUS","EMAIL"
""
"CID","TERM","SUBJ","CRSE","SEC","UNITS"
"85078","200610","DEF","286","14","1.000 - 5.000"
""
"INSTRUCTOR(S)","TYPE","DAYS","TIME","BUILD","ROOM"
"Dalton, Jorge A.","Internship","","","",""
""
"SEAT","SID","SURNAME","PREFNAME","LEVEL","UNITS","CLASS","MAJOR","GRADE","STATUS","EMAIL"
""
"CID","TERM","SUBJ","CRSE","SEC","UNITS"
"81860","200610","DEF","286","15","1.000 - 5.000"
""
"INSTRUCTOR(S)","TYPE","DAYS","TIME","BUILD","ROOM"
"Rogers, Matthew A.","Internship","","","",""
""
"SEAT","SID","SURNAME","PREFNAME","LEVEL","UNITS","CLASS","MAJOR","GRADE","STATUS","EMAIL"
""
"CID","TERM","SUBJ","CRSE","SEC","UNITS"
"98390","200610","DEF","286","16","1.000 - 5.000"
""
"INSTRUCTOR(S)","TYPE","DAYS","TIME","BUILD","ROOM"
"Martin, Audrey T.","Internship","","","",""
""
"SEAT","SID","SURNAME","PREFNAME","LEVEL","UNITS","CLASS","MAJOR","GRADE","STATUS","EMAIL"
""
"CID","TERM","SUBJ","CRSE","SEC","UNITS"
"27908","200610","DEF","286","17","1.000 - 5.000"
""
"INSTRUCTOR(S)","TYPE","DAYS","TIME","BUILD","ROOM"
"Sanders, Julian R.","Internship","","","",""
""
"SEAT","SID","SURNAME","PREFNAME","LEVEL","UNITS","CLASS","MAJOR","GRADE","STATUS","EMAIL"
""
"CID","TERM","SUBJ","CRSE","SEC","UNITS"
"40240","200610","DEF","286","18","1.000 - 5.000"
""
"INSTRUCTOR(S)","TYPE","DAYS","TIME","BUILD","ROOM"
"Wiley, Natalie A.","Internship","","","",""
""
"SEAT","SID","SURNAME","PREFNAME","LEVEL","UNITS","CLASS","MAJOR","GRADE","STATUS","EMAIL"
""
"CID","TERM","SUBJ","CRSE","SEC","UNITS"
"11885","200610","DEF","286","19","1.000 - 5.000"
""
"INSTRUCTOR(S)","TYPE","DAYS","TIME","BUILD","ROOM"
"Ayala, Sophia A.","Internship","","","",""
""
"SEAT","SID","SURNAME","PREFNAME","LEVEL","UNITS","CLASS","MAJOR","GRADE","STATUS","EMAIL"
""
"CID","TERM","SUBJ","CRSE","SEC","UNITS"
"20884","200610","DEF","286","20","1.000 - 5.000"
""
"INSTRUCTOR(S)","TYPE","DAYS","TIME","BUILD","ROOM"
"Harper, Samuel M.","Internship","","","",""
""
"SEAT","SID","SURNAME","PREFNAME","LEVEL","UNITS","CLASS","MAJOR","GRADE","STATUS","EMAIL"
""
"CID","TERM","SUBJ","CRSE","SEC","UNITS"
"33778","200610","DEF","286","21","1.000 - 5.000"
""
"INSTRUCTOR(S)","TYPE","DAYS","TIME","BUILD","ROOM"
"Terry, Sophie L.","Internship","","","",""
""
"SEAT","SID","SURNAME","PREFNAME","LEVEL","UNITS","CLASS","MAJOR","GRADE","STATUS","EMAIL"
""
"CID","TERM","SUBJ","CRSE","SEC","UNITS"
"30146","200610","DEF","286","22","1.000 - 5.000"
""
"INSTRUCTOR(S)","TYPE","DAYS","TIME","BUILD","ROOM"
"Suarez, Julian J.","Internship","","","",""
""
"SEAT","SID","SURNAME","PREFNAME","LEVEL","UNITS","CLASS","MAJOR","GRADE","STATUS","EMAIL"
""
"CID","TERM","SUBJ","CRSE","SEC","UNITS"
"63382","200610","DEF","286","23","1.000 - 5.000"
""
"INSTRUCTOR(S)","TYPE","DAYS","TIME","BUILD","ROOM"
"","Internship","","","",""
""
"SEAT","SID","SURNAME","PREFNAME","LEVEL","UNITS","CLASS","MAJOR","GRADE","STATUS","EMAIL"
""
"CID","TERM","SUBJ","CRSE","SEC","UNITS"
"82659","200610","DEF","286","24","1.000 - 5.000"
""
"INSTRUCTOR(S)","TYPE","DAYS","TIME","BUILD","ROOM"
"Lopez, Joseph S.","Internship","","","",""
""
"SEAT","SID","SURNAME","PREFNAME","LEVEL","UNITS","CLASS","MAJOR","GRADE","STATUS","EMAIL"
""
"CID","TERM","SUBJ","CRSE","SEC","UNITS"
"50434","200610","DEF","286","25","1.000 - 5.000"
""
"INSTRUCTOR(S)","TYPE","DAYS","TIME","BUILD","ROOM"
"Griffith, Dylan J.","Internship","","","",""
""
"SEAT","SID","SURNAME","PREFNAME","LEVEL","UNITS","CLASS","MAJOR","GRADE","STATUS","EMAIL"
""
"CID","TERM","SUBJ","CRSE","SEC","UNITS"
"71165","200610","DEF","286","26","1.000 - 5.000"
""
"INSTRUCTOR(S)","TYPE","DAYS","TIME","BUILD","ROOM"
"Davis, Eva J.","Internship","","","",""
""
"SEAT","SID","SURNAME","PREFNAME","LEVEL","UNITS","CLASS","MAJOR","GRADE","STATUS","EMAIL"
""
"CID","TERM","SUBJ","CRSE","SEC","UNITS"
"25662","200610","DEF","286","27","1.000 - 5.000"
""
"INSTRUCTOR(S)","TYPE","DAYS","TIME","BUILD","ROOM"
"","Internship","","","",""
""
"SEAT","SID","SURNAME","PREFNAME","LEVEL","UNITS","CLASS","MAJOR","GRADE","STATUS","EMAIL"
""
"CID","TERM","SUBJ","CRSE","SEC","UNITS"
"88800","200610","DEF","286","28","1.000 - 5.000"
""
"INSTRUCTOR(S)","TYPE","DAYS","TIME","BUILD","ROOM"
"Wagner, Jayden G.","Internship","","","",""
""
"SEAT","SID","SURNAME","PREFNAME","LEVEL","UNITS","CLASS","MAJOR","GRADE","STATUS","EMAIL"
""
"CID","TERM","SUBJ","CRSE","SEC","UNITS"
"96438","200610","DEF","286","29","1.000 - 5.000"
""
"INSTRUCTOR(S)","TYPE","DAYS","TIME","BUILD","ROOM"
"","Internship","","","",""
""
"SEAT","SID","SURNAME","PREFNAME","LEVEL","UNITS","CLASS","MAJOR","GRADE","STATUS","EMAIL"
""
"CID","TERM","SUBJ","CRSE","SEC","UNITS"
"85878","200610","DEF","286","30","1.000 - 5.000"
""
"INSTRUCTOR(S)","TYPE","DAYS","TIME","BUILD","ROOM"
"Kennedy, Aiden J.","Internship","","","",""
""
"SEAT","SID","SURNAME","PREFNAME","LEVEL","UNITS","CLASS","MAJOR","GRADE","STATUS","EMAIL"
""
"CID","TERM","SUBJ","CRSE","SEC","UNITS"
"50284","200610","DEF","286","31","1.000 - 5.000"
""
"INSTRUCTOR(S)","TYPE","DAYS","TIME","BUILD","ROOM"
"","Internship","","","",""
""
"SEAT","SID","SURNAME","PREFNAME","LEVEL","UNITS","CLASS","MAJOR","GRADE","STATUS","EMAIL"
""
"CID","TERM","SUBJ","CRSE","SEC","UNITS"
"29388","200610","DEF","286","32","1.000 - 5.000"
""
"INSTRUCTOR(S)","TYPE","DAYS","TIME","BUILD","ROOM"
"Davenport, Jackson L.","Internship","","","",""
""
"SEAT","SID","SURNAME","PREFNAME","LEVEL","UNITS","CLASS","MAJOR","GRADE","STATUS","EMAIL"
""
"CID","TERM","SUBJ","CRSE","SEC","UNITS"
"24398","200610","DEF","286","33","1.000 - 5.000"
""
"INSTRUCTOR(S)","TYPE","DAYS","TIME","BUILD","ROOM"
"Tyler, Isaac J.","Internship","","","",""
""
"SEAT","SID","SURNAME","PREFNAME","LEVEL","UNITS","CLASS","MAJOR","GRADE","STATUS","EMAIL"
""
"CID","TERM","SUBJ","CRSE","SEC","UNITS"
"12779","200610","DEF","286","34","1.000 - 5.000"
""
"INSTRUCTOR(S)","TYPE","DAYS","TIME","BUILD","ROOM"
"Williams, Alexander A.","Internship","","","",""
""
"SEAT","SID","SURNAME","PREFNAME","LEVEL","UNITS","CLASS","MAJOR","GRADE","STATUS","EMAIL"
""
"CID","TERM","SUBJ","CRSE","SEC","UNITS"
"76908","200610","DEF","286","35","1.000 - 5.000"
""
"INSTRUCTOR(S)","TYPE","DAYS","TIME","BUILD","ROOM"
"Mcdaniel, Elijah I.","Internship","","","",""
""
"SEAT","SID","SURNAME","PREFNAME","LEVEL","UNITS","CLASS","MAJOR","GRADE","STATUS","EMAIL"
"1","817196502","Woods","Mason","UG","5","SR","DEF1","I","RE","mason.j.woods@fakeu.edu"
"2","442722486","Myers","Angel","UG","1","SR","DEF1","I","RE","angel.a.myers@fakeu.edu"
""
"CID","TERM","SUBJ","CRSE","SEC","UNITS"
"36324","200610","DEF","286","36","1.000 - 5.000"
""
"INSTRUCTOR(S)","TYPE","DAYS","TIME","BUILD","ROOM"
"","Internship","","","",""
""
"SEAT","SID","SURNAME","PREFNAME","LEVEL","UNITS","CLASS","MAJOR","GRADE","STATUS","EMAIL"
""
"CID","TERM","SUBJ","CRSE","SEC","UNITS"
"33623","200610","DEF","286","37","1.000 - 5.000"
""
"INSTRUCTOR(S)","TYPE","DAYS","TIME","BUILD","ROOM"
"Hodges, Jose I.","Internship","","","",""
""
"SEAT","SID","SURNAME","PREFNAME","LEVEL","UNITS","CLASS","MAJOR","GRADE","STATUS","EMAIL"
""
"CID","TERM","SUBJ","CRSE","SEC","UNITS"
"22130","200610","DEF","286","38","1.000 - 5.000"
""
"INSTRUCTOR(S)","TYPE","DAYS","TIME","BUILD","ROOM"
"Smith, Layla N.","Internship","","","",""
""
"SEAT","SID","SURNAME","PREFNAME","LEVEL","UNITS","CLASS","MAJOR","GRADE","STATUS","EMAIL"
""
"CID","TERM","SUBJ","CRSE","SEC","UNITS"
"19187","200610","DEF","286","39","1.000 - 5.000"
""
"INSTRUCTOR(S)","TYPE","DAYS","TIME","BUILD","ROOM"
"","Internship","","","",""
""
"SEAT","SID","SURNAME","PREFNAME","LEVEL","UNITS","CLASS","MAJOR","GRADE","STATUS","EMAIL"
""
"CID","TERM","SUBJ","CRSE","SEC","UNITS"
"31165","200610","DEF","286","40","1.000 - 5.000"
""
"INSTRUCTOR(S)","TYPE","DAYS","TIME","BUILD","ROOM"
"","Internship","","","",""
""
"SEAT","SID","SURNAME","PREFNAME","LEVEL","UNITS","CLASS","MAJOR","GRADE","STATUS","EMAIL"
""
"CID","TERM","SUBJ","CRSE","SEC","UNITS"
"67093","200610","DEF","286","41","1.000 - 5.000"
""
"INSTRUCTOR(S)","TYPE","DAYS","TIME","BUILD","ROOM"
"","Internship","","","",""
""
"SEAT","SID","SURNAME","PREFNAME","LEVEL","UNITS","CLASS","MAJOR","GRADE","STATUS","EMAIL"
""
"CID","TERM","SUBJ","CRSE","SEC","UNITS"
"70940","200610","DEF","286","42","1.000 - 5.000"
""
"INSTRUCTOR(S)","TYPE","DAYS","TIME","BUILD","ROOM"
"","Internship","","","",""
""
"SEAT","SID","SURNAME","PREFNAME","LEVEL","UNITS","CLASS","MAJOR","GRADE","STATUS","EMAIL"
""
"CID","TERM","SUBJ","CRSE","SEC","UNITS"
"36605","200610","DEF","286","43","1.000 - 5.000"
""
"INSTRUCTOR(S)","TYPE","DAYS","TIME","BUILD","ROOM"
"Morris, Sebastian B.","Internship","","","",""
""
"SEAT","SID","SURNAME","PREFNAME","LEVEL","UNITS","CLASS","MAJOR","GRADE","STATUS","EMAIL"
""
"CID","TERM","SUBJ","CRSE","SEC","UNITS"
"40763","200610","DEF","286","44","1.000 - 5.000"
""
"INSTRUCTOR(S)","TYPE","DAYS","TIME","BUILD","ROOM"
"","Internship","","","",""
""
"SEAT","SID","SURNAME","PREFNAME","LEVEL","UNITS","CLASS","MAJOR","GRADE","STATUS","EMAIL"
""
"CID","TERM","SUBJ","CRSE","SEC","UNITS"
"66581","200610","DEF","286","45","1.000 - 5.000"
""
"INSTRUCTOR(S)","TYPE","DAYS","TIME","BUILD","ROOM"
"","Internship","","","",""
""
"SEAT","SID","SURNAME","PREFNAME","LEVEL","UNITS","CLASS","MAJOR","GRADE","STATUS","EMAIL"
""
"CID","TERM","SUBJ","CRSE","SEC","UNITS"
"90329","200610","DEF","287","0","2"
""
"INSTRUCTOR(S)","TYPE","DAYS","TIME","BUILD","ROOM"
"","Term Project","","","",""
""
"SEAT","SID","SURNAME","PREFNAME","LEVEL","UNITS","CLASS","MAJOR","GRADE","STATUS","EMAIL"
""
"CID","TERM","SUBJ","CRSE","SEC","UNITS"
"39434","200610","DEF","287","1","2"
""
"INSTRUCTOR(S)","TYPE","DAYS","TIME","BUILD","ROOM"
"Gibson, Melanie M.","Term Project","","","",""
""
"SEAT","SID","SURNAME","PREFNAME","LEVEL","UNITS","CLASS","MAJOR","GRADE","STATUS","EMAIL"
""
"CID","TERM","SUBJ","CRSE","SEC","UNITS"
"26427","200610","DEF","287","2","2"
""
"INSTRUCTOR(S)","TYPE","DAYS","TIME","BUILD","ROOM"
"Stafford, Aaliyah A.","Term Project","","","",""
""
"SEAT","SID","SURNAME","PREFNAME","LEVEL","UNITS","CLASS","MAJOR","GRADE","STATUS","EMAIL"
""
"CID","TERM","SUBJ","CRSE","SEC","UNITS"
"24031","200610","DEF","287","3","2"
""
"INSTRUCTOR(S)","TYPE","DAYS","TIME","BUILD","ROOM"
"Goodwin, David A.","Term Project","","","",""
""
"SEAT","SID","SURNAME","PREFNAME","LEVEL","UNITS","CLASS","MAJOR","GRADE","STATUS","EMAIL"
""
"CID","TERM","SUBJ","CRSE","SEC","UNITS"
"79879","200610","DEF","287","5","2"
""
"INSTRUCTOR(S)","TYPE","DAYS","TIME","BUILD","ROOM"
"Mason, Daniel M.","Term Project","","","",""
""
"SEAT","SID","SURNAME","PREFNAME","LEVEL","UNITS","CLASS","MAJOR","GRADE","STATUS","EMAIL"
""
"CID","TERM","SUBJ","CRSE","SEC","UNITS"
"89674","200610","DEF","287","6","2"
""
"INSTRUCTOR(S)","TYPE","DAYS","TIME","BUILD","ROOM"
"Moody, Emma F.","Term Project","","","",""
""
"SEAT","SID","SURNAME","PREFNAME","LEVEL","UNITS","CLASS","MAJOR","GRADE","STATUS","EMAIL"
""
"CID","TERM","SUBJ","CRSE","SEC","UNITS"
"31335","200610","DEF","287","7","2"
""
"INSTRUCTOR(S)","TYPE","DAYS","TIME","BUILD","ROOM"
"Perry, Austin A.","Term Project","","","",""
""
"SEAT","SID","SURNAME","PREFNAME","LEVEL","UNITS","CLASS","MAJOR","GRADE","STATUS","EMAIL"
""
"CID","TERM","SUBJ","CRSE","SEC","UNITS"
"71821","200610","DEF","287","8","2"
""
"INSTRUCTOR(S)","TYPE","DAYS","TIME","BUILD","ROOM"
"Turner, Giovanni E.","Term Project","","","",""
""
"SEAT","SID","SURNAME","PREFNAME","LEVEL","UNITS","CLASS","MAJOR","GRADE","STATUS","EMAIL"
""
"CID","TERM","SUBJ","CRSE","SEC","UNITS"
"96500","200610","DEF","287","9","2"
""
"INSTRUCTOR(S)","TYPE","DAYS","TIME","BUILD","ROOM"
"Cox, Jordan V.","Term Project","","","",""
""
"SEAT","SID","SURNAME","PREFNAME","LEVEL","UNITS","CLASS","MAJOR","GRADE","STATUS","EMAIL"
""
"CID","TERM","SUBJ","CRSE","SEC","UNITS"
"13888","200610","DEF","287","11","2"
""
"INSTRUCTOR(S)","TYPE","DAYS","TIME","BUILD","ROOM"
"Lee, Nathaniel E.","Term Project","","","",""
""
"SEAT","SID","SURNAME","PREFNAME","LEVEL","UNITS","CLASS","MAJOR","GRADE","STATUS","EMAIL"
""
"CID","TERM","SUBJ","CRSE","SEC","UNITS"
"76550","200610","DEF","287","12","2"
""
"INSTRUCTOR(S)","TYPE","DAYS","TIME","BUILD","ROOM"
"Sanders, Ruby I.","Term Project","","","",""
""
"SEAT","SID","SURNAME","PREFNAME","LEVEL","UNITS","CLASS","MAJOR","GRADE","STATUS","EMAIL"
""
"CID","TERM","SUBJ","CRSE","SEC","UNITS"
"46394","200610","DEF","287","14","2"
""
"INSTRUCTOR(S)","TYPE","DAYS","TIME","BUILD","ROOM"
"Dalton, Jorge A.","Term Project","","","",""
""
"SEAT","SID","SURNAME","PREFNAME","LEVEL","UNITS","CLASS","MAJOR","GRADE","STATUS","EMAIL"
""
"CID","TERM","SUBJ","CRSE","SEC","UNITS"
"82904","200610","DEF","287","16","2"
""
"INSTRUCTOR(S)","TYPE","DAYS","TIME","BUILD","ROOM"
"Martin, Audrey T.","Term Project","","","",""
""
"SEAT","SID","SURNAME","PREFNAME","LEVEL","UNITS","CLASS","MAJOR","GRADE","STATUS","EMAIL"
""
"CID","TERM","SUBJ","CRSE","SEC","UNITS"
"85541","200610","DEF","287","17","2"
""
"INSTRUCTOR(S)","TYPE","DAYS","TIME","BUILD","ROOM"
"Sanders, Julian R.","Term Project","","","",""
""
"SEAT","SID","SURNAME","PREFNAME","LEVEL","UNITS","CLASS","MAJOR","GRADE","STATUS","EMAIL"
""
"CID","TERM","SUBJ","CRSE","SEC","UNITS"
"59942","200610","DEF","287","18","2"
""
"INSTRUCTOR(S)","TYPE","DAYS","TIME","BUILD","ROOM"
"Wiley, Natalie A.","Term Project","","","",""
""
"SEAT","SID","SURNAME","PREFNAME","LEVEL","UNITS","CLASS","MAJOR","GRADE","STATUS","EMAIL"
""
"CID","TERM","SUBJ","CRSE","SEC","UNITS"
"56599","200610","DEF","287","19","2"
""
"INSTRUCTOR(S)","TYPE","DAYS","TIME","BUILD","ROOM"
"Ayala, Sophia A.","Term Project","","","",""
""
"SEAT","SID","SURNAME","PREFNAME","LEVEL","UNITS","CLASS","MAJOR","GRADE","STATUS","EMAIL"
""
"CID","TERM","SUBJ","CRSE","SEC","UNITS"
"17596","200610","DEF","287","20","2"
""
"INSTRUCTOR(S)","TYPE","DAYS","TIME","BUILD","ROOM"
"Harper, Samuel M.","Term Project","","","",""
""
"SEAT","SID","SURNAME","PREFNAME","LEVEL","UNITS","CLASS","MAJOR","GRADE","STATUS","EMAIL"
""
"CID","TERM","SUBJ","CRSE","SEC","UNITS"
"33698","200610","DEF","287","22","2"
""
"INSTRUCTOR(S)","TYPE","DAYS","TIME","BUILD","ROOM"
"Suarez, Julian J.","Term Project","","","",""
""
"SEAT","SID","SURNAME","PREFNAME","LEVEL","UNITS","CLASS","MAJOR","GRADE","STATUS","EMAIL"
""
"CID","TERM","SUBJ","CRSE","SEC","UNITS"
"95800","200610","DEF","287","24","2"
""
"INSTRUCTOR(S)","TYPE","DAYS","TIME","BUILD","ROOM"
"Lopez, Joseph S.","Term Project","","","",""
""
"SEAT","SID","SURNAME","PREFNAME","LEVEL","UNITS","CLASS","MAJOR","GRADE","STATUS","EMAIL"
""
"CID","TERM","SUBJ","CRSE","SEC","UNITS"
"19030","200610","DEF","287","25","2"
""
"INSTRUCTOR(S)","TYPE","DAYS","TIME","BUILD","ROOM"
"Griffith, Dylan J.","Term Project","","","",""
""
"SEAT","SID","SURNAME","PREFNAME","LEVEL","UNITS","CLASS","MAJOR","GRADE","STATUS","EMAIL"
""
"CID","TERM","SUBJ","CRSE","SEC","UNITS"
"25397","200610","DEF","287","28","2"
""
"INSTRUCTOR(S)","TYPE","DAYS","TIME","BUILD","ROOM"
"Wagner, Jayden G.","Term Project","","","",""
""
"SEAT","SID","SURNAME","PREFNAME","LEVEL","UNITS","CLASS","MAJOR","GRADE","STATUS","EMAIL"
""
"CID","TERM","SUBJ","CRSE","SEC","UNITS"
"30144","200610","DEF","287","29","2"
""
"INSTRUCTOR(S)","TYPE","DAYS","TIME","BUILD","ROOM"
"Patterson, Savannah Q.","Term Project","","","",""
""
"SEAT","SID","SURNAME","PREFNAME","LEVEL","UNITS","CLASS","MAJOR","GRADE","STATUS","EMAIL"
""
"CID","TERM","SUBJ","CRSE","SEC","UNITS"
"10106","200610","DEF","287","30","2"
""
"INSTRUCTOR(S)","TYPE","DAYS","TIME","BUILD","ROOM"
"Kennedy, Aiden J.","Term Project","","","",""
""
"SEAT","SID","SURNAME","PREFNAME","LEVEL","UNITS","CLASS","MAJOR","GRADE","STATUS","EMAIL"
""
"CID","TERM","SUBJ","CRSE","SEC","UNITS"
"84435","200610","DEF","287","32","2"
""
"INSTRUCTOR(S)","TYPE","DAYS","TIME","BUILD","ROOM"
"Davenport, Jackson L.","Term Project","","","",""
""
"SEAT","SID","SURNAME","PREFNAME","LEVEL","UNITS","CLASS","MAJOR","GRADE","STATUS","EMAIL"
"1","358381734","Jones","Angel","UG","2","SR","DEF1","IP","RE","angel.m.jones1@fakeu.edu"
""
"CID","TERM","SUBJ","CRSE","SEC","UNITS"
"90374","200610","DEF","287","33","2"
""
"INSTRUCTOR(S)","TYPE","DAYS","TIME","BUILD","ROOM"
"Tyler, Isaac J.","Term Project","","","",""
""
"SEAT","SID","SURNAME","PREFNAME","LEVEL","UNITS","CLASS","MAJOR","GRADE","STATUS","EMAIL"
""
"CID","TERM","SUBJ","CRSE","SEC","UNITS"
"56334","200610","DEF","287","34","2"
""
"INSTRUCTOR(S)","TYPE","DAYS","TIME","BUILD","ROOM"
"Williams, Alexander A.","Term Project","","","",""
""
"SEAT","SID","SURNAME","PREFNAME","LEVEL","UNITS","CLASS","MAJOR","GRADE","STATUS","EMAIL"
""
"CID","TERM","SUBJ","CRSE","SEC","UNITS"
"61021","200610","DEF","287","35","2"
""
"INSTRUCTOR(S)","TYPE","DAYS","TIME","BUILD","ROOM"
"Mcdaniel, Elijah I.","Term Project","","","",""
""
"SEAT","SID","SURNAME","PREFNAME","LEVEL","UNITS","CLASS","MAJOR","GRADE","STATUS","EMAIL"
""
"CID","TERM","SUBJ","CRSE","SEC","UNITS"
"88060","200610","DEF","287","37","2"
""
"INSTRUCTOR(S)","TYPE","DAYS","TIME","BUILD","ROOM"
"Hodges, Jose I.","Term Project","","","",""
""
"SEAT","SID","SURNAME","PREFNAME","LEVEL","UNITS","CLASS","MAJOR","GRADE","STATUS","EMAIL"
""
"CID","TERM","SUBJ","CRSE","SEC","UNITS"
"26835","200610","DEF","287","38","2"
""
"INSTRUCTOR(S)","TYPE","DAYS","TIME","BUILD","ROOM"
"Smith, Layla N.","Term Project","","","",""
""
"SEAT","SID","SURNAME","PREFNAME","LEVEL","UNITS","CLASS","MAJOR","GRADE","STATUS","EMAIL"
""
"CID","TERM","SUBJ","CRSE","SEC","UNITS"
"34675","200610","DEF","287","39","2"
""
"INSTRUCTOR(S)","TYPE","DAYS","TIME","BUILD","ROOM"
"Hernandez, Hailey O.","Term Project","","","",""
""
"SEAT","SID","SURNAME","PREFNAME","LEVEL","UNITS","CLASS","MAJOR","GRADE","STATUS","EMAIL"
""
"CID","TERM","SUBJ","CRSE","SEC","UNITS"
"73776","200610","DEF","292","1","3"
""
"INSTRUCTOR(S)","TYPE","DAYS","TIME","BUILD","ROOM"
"Wagner, Jayden G.","Lecture","F","9:00 AM - 9:50 AM","LH2","28"
"Wagner, Naomi L.","Laboratory","F","10:00 AM - 12:50 PM","MB4","2250"
"","Laboratory","","","",""
""
"SEAT","SID","SURNAME","PREFNAME","LEVEL","UNITS","CLASS","MAJOR","GRADE","STATUS","EMAIL"
"1","502963481","Taylor","Hailey","UG","3","SR","DEF1","IP","RE","hailey.v.taylor@fakeu.edu"
"2","126052960","Montoya","Andrea","UG","3","SR","DEF1","IP","RE","andrea.a.montoya@fakeu.edu"
"3","177405346","Perkins","Charlotte","UG","3","SR","DEF1","IP","RE","charlotte.l.perkins@fakeu.edu"
"4","266335994","Andrews","James","UG","3","SR","DEF1","IP","RE","james.n.andrews@fakeu.edu"
"5","897241697","Roberts","Victoria","UG","3","SR","O254","IP","RE","victoria.a.roberts@fakeu.edu"
"6","242917591","Riley","Jacob","UG","3","SR","DEF1","IP","RE","jacob.m.riley@fakeu.edu"
"7","647577355","Vargas","Chloe","UG","3","SR","DEF1","IP","RE","chloe.a.vargas@fakeu.edu"
"8","917518451","Hudson","Samuel","UG","3","SR","DEF1","IP","RE","samuel.k.hudson@fakeu.edu"
"9","425920663","Carr","Nathaniel","UG","3","SR","DEF1","IP","RE","nathaniel.m.carr@fakeu.edu"
"10","123897369","Rogers","Zoe","UG","3","SR","DEF2","IP","RE","zoe.d.rogers@fakeu.edu"
"11","770087196","Miller","Madison","UG","3","SR","DEF1","IP","RE","madison.j.miller@fakeu.edu"
"12","831470022","Thompson","Ivan","UG","3","SR","DEF1","IP","RE","ivan.g.thompson@fakeu.edu"
"13","288866226","Wilson","William","UG","3","SR","DEF2","IP","RE","william.m.wilson@fakeu.edu"
"14","230755460","Hughes","Alexis","UG","3","SR","DEF2","IP","RE","alexis.t.hughes@fakeu.edu"
"15","254620872","Meyer","Ian","UG","3","SR","DEF1","IP","RE","ian.g.meyer@fakeu.edu"
"16","766155299","Thompson","Hannah","UG","3","SR","DEF1","IP","RE","hannah.i.thompson@fakeu.edu"
"17","451208853","Burris","Adam","UG","3","SR","DEF2","IP","RE","adam.g.burris@fakeu.edu"
"18","796769347","Lewis","Jack","UG","3","SR","DEF1","IP","RE","jack.h.lewis@fakeu.edu"
"19","817196502","Woods","Mason","UG","3","SR","DEF1","IP","RE","mason.j.woods@fakeu.edu"
"20","807769450","Jennings","Isabella","UG","3","SR","DEF1","IP","RE","isabella.n.jennings@fakeu.edu"
"21","714364278","Ryan","Samuel","UG","3","SR","DEF1","IP","RE","samuel.r.ryan@fakeu.edu"
"22","984589469","Preston","Emily","UG","3","SR","DEF1","IP","RE","emily.i.preston@fakeu.edu"
"23","342708523","Edwards","Dominic","UG","3","SR","DEF1","IP","RE","dominic.l.edwards@fakeu.edu"
"24","787148557","Edwards","Owen","UG","3","SR","DEF1","IP","RE","owen.s.edwards@fakeu.edu"
"25","252121449","Johnson","Madison","UG","3","SR","DEF2","IP","RE","madison.j.johnson@fakeu.edu"
"26","598885586","Miller","Audrey","UG","3","SR","DEF2","IP","RE","audrey.r.miller@fakeu.edu"
"27","874999679","Sexton","Claire","UG","3","SR","DEF2","IP","RE","claire.o.sexton@fakeu.edu"
"28","419999450","Castaneda","Isaac","UG","3","SR","DEF1","IP","RE","isaac.h.castaneda@fakeu.edu"
"29","509442388","Justice","Gael","UG","3","SR","DEF2","IP","RE","gael.p.justice@fakeu.edu"
"30","111264617","Fox","Aria","UG","3","SR","DEF2","IP","RE","aria.h.fox@fakeu.edu"
"31","540678228","Gonzales","Isabella","UG","3","SR","DEF1","IP","RE","isabella.z.gonzales@fakeu.edu"
"32","686605654","Smith","Matthew","UG","3","SR","DEF1","IP","RE","matthew.y.smith@fakeu.edu"
"33","708652696","Brock","Avery","UG","3","SR","DEF2","IP","RE","avery.e.brock@fakeu.edu"
""
"CID","TERM","SUBJ","CRSE","SEC","UNITS"
"57567","200610","DEF","295","1","1"
""
"INSTRUCTOR(S)","TYPE","DAYS","TIME","BUILD","ROOM"
"Davenport, Jackson L.","Seminar","F","2:10 PM - 3:00 PM","TB2","114"
""
"SEAT","SID","SURNAME","PREFNAME","LEVEL","UNITS","CLASS","MAJOR","GRADE","STATUS","EMAIL"
"1","502963481","Taylor","Hailey","UG","1","SR","DEF1","A-","RE","hailey.v.taylor@fakeu.edu"
"2","126052960","Montoya","Andrea","UG","1","SR","DEF1","B","RE","andrea.a.montoya@fakeu.edu"
"3","828523170","Logan","Owen","UG","1","SR","DEF1","A-","RE","owen.m.logan@fakeu.edu"
"4","739868978","Clark","Mateo","UG","1","SR","DEF1","A-","RE","mateo.g.clark@fakeu.edu"
"5","266335994","Andrews","James","UG","1","SR","DEF1","A","RE","james.n.andrews@fakeu.edu"
"6","817304533","Campbell","Jose","UG","1","SR","DEF1","A-","RE","jose.v.campbell@fakeu.edu"
"7","242917591","Riley","Jacob","UG","1","SR","DEF1","C","RE","jacob.m.riley@fakeu.edu"
"8","647577355","Vargas","Chloe","UG","1","SR","DEF1","B+","RE","chloe.a.vargas@fakeu.edu"
"9","571462797","Potter","Gabriella","UG","1","SR","DEF2","A","RE","gabriella.v.potter@fakeu.edu"
"10","917518451","Hudson","Samuel","UG","1","SR","DEF1","B+","RE","samuel.k.hudson@fakeu.edu"
"11","425920663","Carr","Nathaniel","UG","1","SR","DEF1","A","RE","nathaniel.m.carr@fakeu.edu"
"12","355260415","Stephens","Dominic","UG","1","SR","DEF1","A-","RE","dominic.h.stephens@fakeu.edu"
"13","123897369","Rogers","Zoe","UG","1","SR","DEF2","A","RE","zoe.d.rogers@fakeu.edu"
"14","559672726","Williams","Olivia","UG","1","SR","DEF1","A","RE","olivia.o.williams@fakeu.edu"
"15","534335879","Norris","Alejandro","UG","1","SR","DEF2","A-","RE","alejandro.k.norris@fakeu.edu"
"16","288866226","Wilson","William","UG","1","SR","DEF2","A-","RE","william.m.wilson@fakeu.edu"
"17","708652696","Brock","Avery","UG","1","SR","DEF2","A","RE","avery.e.brock@fakeu.edu"
"18","538170924","Todd","Ethan","UG","1","SR","DEF1","A-","RE","ethan.s.todd@fakeu.edu"
"19","208428253","Smith","Samantha","UG","1","SR","DEF1","B+","RE","samantha.s.smith@fakeu.edu"
"20","230755460","Hughes","Alexis","UG","1","SR","DEF2","C","RE","alexis.t.hughes@fakeu.edu"
"21","254620872","Meyer","Ian","UG","1","SR","DEF1","C","RE","ian.g.meyer@fakeu.edu"
"22","766155299","Thompson","Hannah","UG","1","SR","DEF1","A-","RE","hannah.i.thompson@fakeu.edu"
"23","870677022","Warren","Josiah","UG","1","SR","DEF1","A-","RE","josiah.c.warren@fakeu.edu"
"24","451208853","Burris","Adam","UG","1","SR","DEF2","B","RE","adam.g.burris@fakeu.edu"
"25","796769347","Lewis","Jack","UG","1","SR","DEF1","A","RE","jack.h.lewis@fakeu.edu"
"26","817196502","Woods","Mason","UG","1","SR","DEF1","A-","RE","mason.j.woods@fakeu.edu"
"27","948714278","Vega","Jayden","UG","1","SR","DEF2","B+","RE","jayden.j.vega1@fakeu.edu"
"28","714364278","Ryan","Samuel","UG","1","SR","DEF1","A","RE","samuel.r.ryan@fakeu.edu"
"29","304384321","Hall","Ryan","UG","1","SR","DEF1","B","RE","ryan.j.hall@fakeu.edu"
"30","442722486","Myers","Angel","UG","1","SR","DEF1","B+","RE","angel.a.myers@fakeu.edu"
"31","581632287","Oliver","Alex","UG","1","SR","DEF1","A-","RE","alex.c.oliver@fakeu.edu"
"32","540274405","Boyle","Brandon","UG","1","SR","DEF1","B","RE","brandon.l.boyle@fakeu.edu"
"33","712204413","Davis","Samantha","UG","1","SR","DEF1","A","RE","samantha.a.davis1@fakeu.edu"
"34","984589469","Preston","Emily","UG","1","SR","DEF1","B+","RE","emily.i.preston@fakeu.edu"
"35","927062767","Turner","Emma","UG","1","SR","DEF1","C","RE","emma.j.turner@fakeu.edu"
"36","342708523","Edwards","Dominic","UG","1","SR","DEF1","A","RE","dominic.l.edwards@fakeu.edu"
"37","958169449","Cook","Ariana","UG","1","SR","DEF1","A-","RE","ariana.c.cook@fakeu.edu"
"38","896547622","Reid","Kaylee","UG","1","SR","DEF1","B","RE","kaylee.v.reid@fakeu.edu"
"39","948014128","Chapman","Arianna","UG","1","SR","DEF1","B+","RE","arianna.a.chapman@fakeu.edu"
"40","842144019","Scott","Christian","UG","1","SR","DEF1","A","RE","christian.a.scott@fakeu.edu"
"41","787148557","Edwards","Owen","UG","1","SR","DEF1","B","RE","owen.s.edwards@fakeu.edu"
"42","766973301","Maldonado","Liam","UG","1","SR","DEF2","B+","RE","liam.m.maldonado1@fakeu.edu"
"43","119745481","Potts","Lillian","UG","1","SR","DEF1","A-","RE","lillian.m.potts@fakeu.edu"
"44","191090175","Gonzalez","Noah","UG","1","SR","DEF1","A","RE","noah.n.gonzalez@fakeu.edu"
"45","540678228","Gonzales","Isabella","UG","1","SR","DEF1","A","RE","isabella.z.gonzales@fakeu.edu"
"46","358381734","Jones","Angel","UG","1","SR","DEF1","A-","RE","angel.m.jones1@fakeu.edu"
"47","598885586","Miller","Audrey","UG","1","SR","DEF2","A-","RE","audrey.r.miller@fakeu.edu"
"48","111264617","Fox","Aria","UG","1","SR","DEF2","A-","RE","aria.h.fox@fakeu.edu"
"49","874999679","Sexton","Claire","UG","1","SR","DEF2","A-","RE","claire.o.sexton@fakeu.edu"
"50","977241662","Smith","Natalie","UG","1","JR","DEF1","A-","RE","natalie.o.smith@fakeu.edu"
"51","277328609","Welch","Juan","UG","1","JR","DEF1","C","RE","juan.a.welch@fakeu.edu"
"52","556593164","Guerrero","Tyler","UG","1","SR","DEF1","C","RE","tyler.e.guerrero@fakeu.edu"
"53","890006043","Huber","Michael","UG","1","SR","DEF1","B+","RE","michael.a.huber@fakeu.edu"
"54","832210230","Fisher","Damian","UG","1","SR","DEF1","A-","RE","damian.j.fisher@fakeu.edu"
"55","224191047","Ramirez","Aiden","UG","1","JR","DEF1","A-","RE","aiden.e.ramirez@fakeu.edu"
"56","413084398","Richardson","Victor","UG","1","SR","DEF1","A","RE","victor.x.richardson@fakeu.edu"
"57","220115023","Mullen","Sofia","U2","1","U2","DEF1","A","RE","sofia.l.mullen@fakeu.edu"
"58","815760760","White","Jonathan","UG","1","SR","DEF2","A","RE","jonathan.g.white@fakeu.edu"
"59","257009695","Rodriquez","Angel","UG","1","SR","DEF1","B+","RE","angel.m.rodriquez@fakeu.edu"
"60","177405346","Perkins","Charlotte","UG","1","SR","DEF1","A-","RE","charlotte.l.perkins@fakeu.edu"
"61","867198557","Brown","Ryan","UG","1","SR","DEF1","B+","RE","ryan.s.brown@fakeu.edu"
"62","360332210","Leonard","David","UG","1","SR","DEF2","D","RE","david.s.leonard@fakeu.edu"
"63","652057782","Graves","Aubrey","UG","1","SR","DEF1","B+","RE","aubrey.s.graves@fakeu.edu"
"64","897241697","Roberts","Victoria","UG","1","SR","O254","C","RE","victoria.a.roberts@fakeu.edu"
"65","252121449","Johnson","Madison","UG","1","SR","DEF2","A-","RE","madison.j.johnson@fakeu.edu"
"66","723811811","Levy","Mason","UG","1","SR","DEF1","C","RE","mason.a.levy@fakeu.edu"
"67","509442388","Justice","Gael","UG","1","SR","DEF2","A","RE","gael.p.justice@fakeu.edu"
"68","818211395","Cooper","Aaron","UG","1","SR","DEF1","B-","RE","aaron.a.cooper@fakeu.edu"
"69","141359263","Lopez","Joseph","UG","1","JR","ABC2","A-","RE","joseph.m.lopez@fakeu.edu"
"70","419999450","Castaneda","Isaac","UG","1","SR","DEF1","B","RE","isaac.h.castaneda@fakeu.edu"
"71","326917153","Parks","Ashley","UG","1","JR","DEF2","A","RE","ashley.l.parks@fakeu.edu"
"72","132894464","Johnson","Josiah","UG","1","SR","DEF2","A-","RE","josiah.j.johnson@fakeu.edu"
"73","839671301","Powers","Benjamin","UG","1","SR","DEF2","B+","RE","benjamin.j.powers@fakeu.edu"
"74","713054986","Morrison","Abigail","UG","1","SR","DEF1","A","RE","abigail.e.morrison@fakeu.edu"
"75","887699201","Black","Chloe","UG","1","SR","DEF1","B","RE","chloe.a.black@fakeu.edu"
"76","837181798","Morrow","Matthew","UG","1","SR","ABC2","A","RE","matthew.h.morrow@fakeu.edu"
"77","686605654","Smith","Matthew","UG","1","SR","DEF1","A-","RE","matthew.y.smith@fakeu.edu"
"78","492542314","Perez","Jack","ND","1","ND","O253","D","RE","jack.a.perez@fakeu.edu"
"79","887618120","Fuentes","Ava","UL","1","UL","DEF1","C","RE","ava.m.fuentes@fakeu.edu"
""
"CID","TERM","SUBJ","CRSE","SEC","UNITS"
"78713","200610","DEF","299","0","1.000 - 5.000"
""
"INSTRUCTOR(S)","TYPE","DAYS","TIME","BUILD","ROOM"
"","Variable","","","",""
""
"SEAT","SID","SURNAME","PREFNAME","LEVEL","UNITS","CLASS","MAJOR","GRADE","STATUS","EMAIL"
""
"CID","TERM","SUBJ","CRSE","SEC","UNITS"
"13220","200610","DEF","299","1","1.000 - 5.000"
""
"INSTRUCTOR(S)","TYPE","DAYS","TIME","BUILD","ROOM"
"","Variable","","","",""
""
"SEAT","SID","SURNAME","PREFNAME","LEVEL","UNITS","CLASS","MAJOR","GRADE","STATUS","EMAIL"
""
"CID","TERM","SUBJ","CRSE","SEC","UNITS"
"35942","200610","DEF","299","2","1.000 - 5.000"
""
"INSTRUCTOR(S)","TYPE","DAYS","TIME","BUILD","ROOM"
"","Variable","","","",""
""
"SEAT","SID","SURNAME","PREFNAME","LEVEL","UNITS","CLASS","MAJOR","GRADE","STATUS","EMAIL"
""
"CID","TERM","SUBJ","CRSE","SEC","UNITS"
"96621","200610","DEF","299","3","1.000 - 5.000"
""
"INSTRUCTOR(S)","TYPE","DAYS","TIME","BUILD","ROOM"
"","Variable","","","",""
""
"SEAT","SID","SURNAME","PREFNAME","LEVEL","UNITS","CLASS","MAJOR","GRADE","STATUS","EMAIL"
""
"CID","TERM","SUBJ","CRSE","SEC","UNITS"
"17569","200610","DEF","299","4","1.000 - 5.000"
""
"INSTRUCTOR(S)","TYPE","DAYS","TIME","BUILD","ROOM"
"","Variable","","","",""
""
"SEAT","SID","SURNAME","PREFNAME","LEVEL","UNITS","CLASS","MAJOR","GRADE","STATUS","EMAIL"
""
"CID","TERM","SUBJ","CRSE","SEC","UNITS"
"75973","200610","DEF","299","5","1.000 - 5.000"
""
"INSTRUCTOR(S)","TYPE","DAYS","TIME","BUILD","ROOM"
"","Variable","","","",""
""
"SEAT","SID","SURNAME","PREFNAME","LEVEL","UNITS","CLASS","MAJOR","GRADE","STATUS","EMAIL"
""
"CID","TERM","SUBJ","CRSE","SEC","UNITS"
"44310","200610","DEF","299","6","1.000 - 5.000"
""
"INSTRUCTOR(S)","TYPE","DAYS","TIME","BUILD","ROOM"
"","Variable","","","",""
""
"SEAT","SID","SURNAME","PREFNAME","LEVEL","UNITS","CLASS","MAJOR","GRADE","STATUS","EMAIL"
""
"CID","TERM","SUBJ","CRSE","SEC","UNITS"
"73337","200610","DEF","299","7","1.000 - 5.000"
""
"INSTRUCTOR(S)","TYPE","DAYS","TIME","BUILD","ROOM"
"","Variable","","","",""
""
"SEAT","SID","SURNAME","PREFNAME","LEVEL","UNITS","CLASS","MAJOR","GRADE","STATUS","EMAIL"
""
"CID","TERM","SUBJ","CRSE","SEC","UNITS"
"13747","200610","DEF","299","8","1.000 - 5.000"
""
"INSTRUCTOR(S)","TYPE","DAYS","TIME","BUILD","ROOM"
"","Variable","","","",""
""
"SEAT","SID","SURNAME","PREFNAME","LEVEL","UNITS","CLASS","MAJOR","GRADE","STATUS","EMAIL"
""
"CID","TERM","SUBJ","CRSE","SEC","UNITS"
"23262","200610","DEF","299","9","1.000 - 5.000"
""
"INSTRUCTOR(S)","TYPE","DAYS","TIME","BUILD","ROOM"
"","Variable","","","",""
""
"SEAT","SID","SURNAME","PREFNAME","LEVEL","UNITS","CLASS","MAJOR","GRADE","STATUS","EMAIL"
""
"CID","TERM","SUBJ","CRSE","SEC","UNITS"
"22845","200610","DEF","299","10","1.000 - 5.000"
""
"INSTRUCTOR(S)","TYPE","DAYS","TIME","BUILD","ROOM"
"","Variable","","","",""
""
"SEAT","SID","SURNAME","PREFNAME","LEVEL","UNITS","CLASS","MAJOR","GRADE","STATUS","EMAIL"
""
"CID","TERM","SUBJ","CRSE","SEC","UNITS"
"72480","200610","DEF","299","11","1.000 - 5.000"
""
"INSTRUCTOR(S)","TYPE","DAYS","TIME","BUILD","ROOM"
"","Variable","","","",""
""
"SEAT","SID","SURNAME","PREFNAME","LEVEL","UNITS","CLASS","MAJOR","GRADE","STATUS","EMAIL"
""
"CID","TERM","SUBJ","CRSE","SEC","UNITS"
"51109","200610","DEF","299","12","1.000 - 5.000"
""
"INSTRUCTOR(S)","TYPE","DAYS","TIME","BUILD","ROOM"
"","Variable","","","",""
""
"SEAT","SID","SURNAME","PREFNAME","LEVEL","UNITS","CLASS","MAJOR","GRADE","STATUS","EMAIL"
""
"CID","TERM","SUBJ","CRSE","SEC","UNITS"
"25285","200610","DEF","299","13","1.000 - 5.000"
""
"INSTRUCTOR(S)","TYPE","DAYS","TIME","BUILD","ROOM"
"","Variable","","","",""
""
"SEAT","SID","SURNAME","PREFNAME","LEVEL","UNITS","CLASS","MAJOR","GRADE","STATUS","EMAIL"
""
"CID","TERM","SUBJ","CRSE","SEC","UNITS"
"14878","200610","DEF","299","14","1.000 - 5.000"
""
"INSTRUCTOR(S)","TYPE","DAYS","TIME","BUILD","ROOM"
"","Variable","","","",""
""
"SEAT","SID","SURNAME","PREFNAME","LEVEL","UNITS","CLASS","MAJOR","GRADE","STATUS","EMAIL"
""
"CID","TERM","SUBJ","CRSE","SEC","UNITS"
"48428","200610","DEF","299","15","1.000 - 5.000"
""
"INSTRUCTOR(S)","TYPE","DAYS","TIME","BUILD","ROOM"
"","Variable","","","",""
""
"SEAT","SID","SURNAME","PREFNAME","LEVEL","UNITS","CLASS","MAJOR","GRADE","STATUS","EMAIL"
""
"CID","TERM","SUBJ","CRSE","SEC","UNITS"
"31314","200610","DEF","299","16","1.000 - 5.000"
""
"INSTRUCTOR(S)","TYPE","DAYS","TIME","BUILD","ROOM"
"","Variable","","","",""
""
"SEAT","SID","SURNAME","PREFNAME","LEVEL","UNITS","CLASS","MAJOR","GRADE","STATUS","EMAIL"
""
"CID","TERM","SUBJ","CRSE","SEC","UNITS"
"89938","200610","DEF","299","17","1.000 - 5.000"
""
"INSTRUCTOR(S)","TYPE","DAYS","TIME","BUILD","ROOM"
"","Variable","","","",""
""
"SEAT","SID","SURNAME","PREFNAME","LEVEL","UNITS","CLASS","MAJOR","GRADE","STATUS","EMAIL"
""
"CID","TERM","SUBJ","CRSE","SEC","UNITS"
"33232","200610","DEF","299","18","1.000 - 5.000"
""
"INSTRUCTOR(S)","TYPE","DAYS","TIME","BUILD","ROOM"
"","Variable","","","",""
""
"SEAT","SID","SURNAME","PREFNAME","LEVEL","UNITS","CLASS","MAJOR","GRADE","STATUS","EMAIL"
""
"CID","TERM","SUBJ","CRSE","SEC","UNITS"
"47638","200610","DEF","299","19","1.000 - 5.000"
""
"INSTRUCTOR(S)","TYPE","DAYS","TIME","BUILD","ROOM"
"","Variable","","","",""
""
"SEAT","SID","SURNAME","PREFNAME","LEVEL","UNITS","CLASS","MAJOR","GRADE","STATUS","EMAIL"
""
"CID","TERM","SUBJ","CRSE","SEC","UNITS"
"43885","200610","DEF","299","20","1.000 - 5.000"
""
"INSTRUCTOR(S)","TYPE","DAYS","TIME","BUILD","ROOM"
"","Variable","","","",""
""
"SEAT","SID","SURNAME","PREFNAME","LEVEL","UNITS","CLASS","MAJOR","GRADE","STATUS","EMAIL"
""
"CID","TERM","SUBJ","CRSE","SEC","UNITS"
"19970","200610","DEF","299","21","1.000 - 5.000"
""
"INSTRUCTOR(S)","TYPE","DAYS","TIME","BUILD","ROOM"
"","Variable","","","",""
""
"SEAT","SID","SURNAME","PREFNAME","LEVEL","UNITS","CLASS","MAJOR","GRADE","STATUS","EMAIL"
""
"CID","TERM","SUBJ","CRSE","SEC","UNITS"
"28639","200610","DEF","299","22","1.000 - 5.000"
""
"INSTRUCTOR(S)","TYPE","DAYS","TIME","BUILD","ROOM"
"","Variable","","","",""
""
"SEAT","SID","SURNAME","PREFNAME","LEVEL","UNITS","CLASS","MAJOR","GRADE","STATUS","EMAIL"
""
"CID","TERM","SUBJ","CRSE","SEC","UNITS"
"11293","200610","DEF","299","23","1.000 - 5.000"
""
"INSTRUCTOR(S)","TYPE","DAYS","TIME","BUILD","ROOM"
"","Variable","","","",""
""
"SEAT","SID","SURNAME","PREFNAME","LEVEL","UNITS","CLASS","MAJOR","GRADE","STATUS","EMAIL"
""
"CID","TERM","SUBJ","CRSE","SEC","UNITS"
"59947","200610","DEF","299","24","1.000 - 5.000"
""
"INSTRUCTOR(S)","TYPE","DAYS","TIME","BUILD","ROOM"
"","Variable","","","",""
""
"SEAT","SID","SURNAME","PREFNAME","LEVEL","UNITS","CLASS","MAJOR","GRADE","STATUS","EMAIL"
"1","883882077","Dickson","Ian","ND","4","ND","O253","P","RE","ian.a.dickson@fakeu.edu"
""
"CID","TERM","SUBJ","CRSE","SEC","UNITS"
"59607","200610","DEF","299","25","1.000 - 5.000"
""
"INSTRUCTOR(S)","TYPE","DAYS","TIME","BUILD","ROOM"
"","Variable","","","",""
""
"SEAT","SID","SURNAME","PREFNAME","LEVEL","UNITS","CLASS","MAJOR","GRADE","STATUS","EMAIL"
""
"CID","TERM","SUBJ","CRSE","SEC","UNITS"
"84323","200610","DEF","299","26","1.000 - 5.000"
""
"INSTRUCTOR(S)","TYPE","DAYS","TIME","BUILD","ROOM"
"","Variable","","","",""
""
"SEAT","SID","SURNAME","PREFNAME","LEVEL","UNITS","CLASS","MAJOR","GRADE","STATUS","EMAIL"
""
"CID","TERM","SUBJ","CRSE","SEC","UNITS"
"33592","200610","DEF","299","27","1.000 - 5.000"
""
"INSTRUCTOR(S)","TYPE","DAYS","TIME","BUILD","ROOM"
"","Variable","","","",""
""
"SEAT","SID","SURNAME","PREFNAME","LEVEL","UNITS","CLASS","MAJOR","GRADE","STATUS","EMAIL"
""
"CID","TERM","SUBJ","CRSE","SEC","UNITS"
"56837","200610","DEF","299","28","1.000 - 5.000"
""
"INSTRUCTOR(S)","TYPE","DAYS","TIME","BUILD","ROOM"
"","Variable","","","",""
""
"SEAT","SID","SURNAME","PREFNAME","LEVEL","UNITS","CLASS","MAJOR","GRADE","STATUS","EMAIL"
""
"CID","TERM","SUBJ","CRSE","SEC","UNITS"
"57676","200610","DEF","299","29","1.000 - 5.000"
""
"INSTRUCTOR(S)","TYPE","DAYS","TIME","BUILD","ROOM"
"","Variable","","","",""
""
"SEAT","SID","SURNAME","PREFNAME","LEVEL","UNITS","CLASS","MAJOR","GRADE","STATUS","EMAIL"
""
"CID","TERM","SUBJ","CRSE","SEC","UNITS"
"37413","200610","DEF","299","30","1.000 - 5.000"
""
"INSTRUCTOR(S)","TYPE","DAYS","TIME","BUILD","ROOM"
"","Variable","","","",""
""
"SEAT","SID","SURNAME","PREFNAME","LEVEL","UNITS","CLASS","MAJOR","GRADE","STATUS","EMAIL"
""
"CID","TERM","SUBJ","CRSE","SEC","UNITS"
"75085","200610","DEF","299","31","1.000 - 5.000"
""
"INSTRUCTOR(S)","TYPE","DAYS","TIME","BUILD","ROOM"
"","Variable","","","",""
""
"SEAT","SID","SURNAME","PREFNAME","LEVEL","UNITS","CLASS","MAJOR","GRADE","STATUS","EMAIL"
""
"CID","TERM","SUBJ","CRSE","SEC","UNITS"
"99026","200610","DEF","299","32","1.000 - 5.000"
""
"INSTRUCTOR(S)","TYPE","DAYS","TIME","BUILD","ROOM"
"","Variable","","","",""
""
"SEAT","SID","SURNAME","PREFNAME","LEVEL","UNITS","CLASS","MAJOR","GRADE","STATUS","EMAIL"
""
"CID","TERM","SUBJ","CRSE","SEC","UNITS"
"41483","200610","DEF","299","33","1.000 - 5.000"
""
"INSTRUCTOR(S)","TYPE","DAYS","TIME","BUILD","ROOM"
"","Variable","","","",""
""
"SEAT","SID","SURNAME","PREFNAME","LEVEL","UNITS","CLASS","MAJOR","GRADE","STATUS","EMAIL"
""
"CID","TERM","SUBJ","CRSE","SEC","UNITS"
"31677","200610","DEF","299","34","1.000 - 5.000"
""
"INSTRUCTOR(S)","TYPE","DAYS","TIME","BUILD","ROOM"
"","Variable","","","",""
""
"SEAT","SID","SURNAME","PREFNAME","LEVEL","UNITS","CLASS","MAJOR","GRADE","STATUS","EMAIL"
""
"CID","TERM","SUBJ","CRSE","SEC","UNITS"
"29967","200610","DEF","299","35","1.000 - 5.000"
""
"INSTRUCTOR(S)","TYPE","DAYS","TIME","BUILD","ROOM"
"","Variable","","","",""
""
"SEAT","SID","SURNAME","PREFNAME","LEVEL","UNITS","CLASS","MAJOR","GRADE","STATUS","EMAIL"
""
"CID","TERM","SUBJ","CRSE","SEC","UNITS"
"51449","200610","DEF","300","0","1.000 - 5.000"
""
"INSTRUCTOR(S)","TYPE","DAYS","TIME","BUILD","ROOM"
"","Variable","","","",""
""
"SEAT","SID","SURNAME","PREFNAME","LEVEL","UNITS","CLASS","MAJOR","GRADE","STATUS","EMAIL"
""
"CID","TERM","SUBJ","CRSE","SEC","UNITS"
"20059","200610","DEF","300","1","1.000 - 5.000"
""
"INSTRUCTOR(S)","TYPE","DAYS","TIME","BUILD","ROOM"
"Gibson, Melanie M.","Variable","","","",""
""
"SEAT","SID","SURNAME","PREFNAME","LEVEL","UNITS","CLASS","MAJOR","GRADE","STATUS","EMAIL"
""
"CID","TERM","SUBJ","CRSE","SEC","UNITS"
"67686","200610","DEF","300","2","1.000 - 5.000"
""
"INSTRUCTOR(S)","TYPE","DAYS","TIME","BUILD","ROOM"
"Stafford, Aaliyah A.","Variable","","","",""
""
"SEAT","SID","SURNAME","PREFNAME","LEVEL","UNITS","CLASS","MAJOR","GRADE","STATUS","EMAIL"
""
"CID","TERM","SUBJ","CRSE","SEC","UNITS"
"33248","200610","DEF","300","3","1.000 - 5.000"
""
"INSTRUCTOR(S)","TYPE","DAYS","TIME","BUILD","ROOM"
"Goodwin, David A.","Variable","","","",""
""
"SEAT","SID","SURNAME","PREFNAME","LEVEL","UNITS","CLASS","MAJOR","GRADE","STATUS","EMAIL"
""
"CID","TERM","SUBJ","CRSE","SEC","UNITS"
"98413","200610","DEF","300","4","1.000 - 5.000"
""
"INSTRUCTOR(S)","TYPE","DAYS","TIME","BUILD","ROOM"
"Walker, Violet A.","Variable","","","",""
""
"SEAT","SID","SURNAME","PREFNAME","LEVEL","UNITS","CLASS","MAJOR","GRADE","STATUS","EMAIL"
""
"CID","TERM","SUBJ","CRSE","SEC","UNITS"
"26694","200610","DEF","300","5","1.000 - 5.000"
""
"INSTRUCTOR(S)","TYPE","DAYS","TIME","BUILD","ROOM"
"Mason, Daniel M.","Variable","","","",""
""
"SEAT","SID","SURNAME","PREFNAME","LEVEL","UNITS","CLASS","MAJOR","GRADE","STATUS","EMAIL"
""
"CID","TERM","SUBJ","CRSE","SEC","UNITS"
"47018","200610","DEF","300","6","1.000 - 5.000"
""
"INSTRUCTOR(S)","TYPE","DAYS","TIME","BUILD","ROOM"
"Moody, Emma F.","Variable","","","",""
""
"SEAT","SID","SURNAME","PREFNAME","LEVEL","UNITS","CLASS","MAJOR","GRADE","STATUS","EMAIL"
""
"CID","TERM","SUBJ","CRSE","SEC","UNITS"
"74686","200610","DEF","300","7","1.000 - 5.000"
""
"INSTRUCTOR(S)","TYPE","DAYS","TIME","BUILD","ROOM"
"Perry, Austin A.","Variable","","","",""
""
"SEAT","SID","SURNAME","PREFNAME","LEVEL","UNITS","CLASS","MAJOR","GRADE","STATUS","EMAIL"
""
"CID","TERM","SUBJ","CRSE","SEC","UNITS"
"54263","200610","DEF","300","8","1.000 - 5.000"
""
"INSTRUCTOR(S)","TYPE","DAYS","TIME","BUILD","ROOM"
"Turner, Giovanni E.","Variable","","","",""
""
"SEAT","SID","SURNAME","PREFNAME","LEVEL","UNITS","CLASS","MAJOR","GRADE","STATUS","EMAIL"
""
"CID","TERM","SUBJ","CRSE","SEC","UNITS"
"96824","200610","DEF","300","9","1.000 - 5.000"
""
"INSTRUCTOR(S)","TYPE","DAYS","TIME","BUILD","ROOM"
"Cox, Jordan V.","Variable","","","",""
""
"SEAT","SID","SURNAME","PREFNAME","LEVEL","UNITS","CLASS","MAJOR","GRADE","STATUS","EMAIL"
""
"CID","TERM","SUBJ","CRSE","SEC","UNITS"
"75175","200610","DEF","300","10","1.000 - 5.000"
""
"INSTRUCTOR(S)","TYPE","DAYS","TIME","BUILD","ROOM"
"","Variable","","","",""
""
"SEAT","SID","SURNAME","PREFNAME","LEVEL","UNITS","CLASS","MAJOR","GRADE","STATUS","EMAIL"
""
"CID","TERM","SUBJ","CRSE","SEC","UNITS"
"22244","200610","DEF","300","11","1.000 - 5.000"
""
"INSTRUCTOR(S)","TYPE","DAYS","TIME","BUILD","ROOM"
"Lee, Nathaniel E.","Variable","","","",""
""
"SEAT","SID","SURNAME","PREFNAME","LEVEL","UNITS","CLASS","MAJOR","GRADE","STATUS","EMAIL"
""
"CID","TERM","SUBJ","CRSE","SEC","UNITS"
"86986","200610","DEF","300","12","1.000 - 5.000"
""
"INSTRUCTOR(S)","TYPE","DAYS","TIME","BUILD","ROOM"
"Sanders, Ruby I.","Variable","","","",""
""
"SEAT","SID","SURNAME","PREFNAME","LEVEL","UNITS","CLASS","MAJOR","GRADE","STATUS","EMAIL"
""
"CID","TERM","SUBJ","CRSE","SEC","UNITS"
"68839","200610","DEF","300","13","1.000 - 5.000"
""
"INSTRUCTOR(S)","TYPE","DAYS","TIME","BUILD","ROOM"
"White, Jonathan E.","Variable","","","",""
""
"SEAT","SID","SURNAME","PREFNAME","LEVEL","UNITS","CLASS","MAJOR","GRADE","STATUS","EMAIL"
""
"CID","TERM","SUBJ","CRSE","SEC","UNITS"
"87959","200610","DEF","300","14","1.000 - 5.000"
""
"INSTRUCTOR(S)","TYPE","DAYS","TIME","BUILD","ROOM"
"Dalton, Jorge A.","Variable","","","",""
""
"SEAT","SID","SURNAME","PREFNAME","LEVEL","UNITS","CLASS","MAJOR","GRADE","STATUS","EMAIL"
""
"CID","TERM","SUBJ","CRSE","SEC","UNITS"
"82880","200610","DEF","300","15","1.000 - 5.000"
""
"INSTRUCTOR(S)","TYPE","DAYS","TIME","BUILD","ROOM"
"Rogers, Matthew A.","Variable","","","",""
""
"SEAT","SID","SURNAME","PREFNAME","LEVEL","UNITS","CLASS","MAJOR","GRADE","STATUS","EMAIL"
""
"CID","TERM","SUBJ","CRSE","SEC","UNITS"
"55264","200610","DEF","300","16","1.000 - 5.000"
""
"INSTRUCTOR(S)","TYPE","DAYS","TIME","BUILD","ROOM"
"Martin, Audrey T.","Variable","","","",""
""
"SEAT","SID","SURNAME","PREFNAME","LEVEL","UNITS","CLASS","MAJOR","GRADE","STATUS","EMAIL"
"1","598885586","Miller","Audrey","UG","3","SR","DEF2","P","RE","audrey.r.miller@fakeu.edu"
""
"CID","TERM","SUBJ","CRSE","SEC","UNITS"
"77663","200610","DEF","300","17","1.000 - 5.000"
""
"INSTRUCTOR(S)","TYPE","DAYS","TIME","BUILD","ROOM"
"Sanders, Julian R.","Variable","","","",""
""
"SEAT","SID","SURNAME","PREFNAME","LEVEL","UNITS","CLASS","MAJOR","GRADE","STATUS","EMAIL"
""
"CID","TERM","SUBJ","CRSE","SEC","UNITS"
"33320","200610","DEF","300","18","1.000 - 5.000"
""
"INSTRUCTOR(S)","TYPE","DAYS","TIME","BUILD","ROOM"
"Wiley, Natalie A.","Variable","","","",""
""
"SEAT","SID","SURNAME","PREFNAME","LEVEL","UNITS","CLASS","MAJOR","GRADE","STATUS","EMAIL"
""
"CID","TERM","SUBJ","CRSE","SEC","UNITS"
"21268","200610","DEF","300","19","1.000 - 5.000"
""
"INSTRUCTOR(S)","TYPE","DAYS","TIME","BUILD","ROOM"
"Ayala, Sophia A.","Variable","","","",""
""
"SEAT","SID","SURNAME","PREFNAME","LEVEL","UNITS","CLASS","MAJOR","GRADE","STATUS","EMAIL"
""
"CID","TERM","SUBJ","CRSE","SEC","UNITS"
"70296","200610","DEF","300","20","1.000 - 5.000"
""
"INSTRUCTOR(S)","TYPE","DAYS","TIME","BUILD","ROOM"
"Harper, Samuel M.","Variable","","","",""
""
"SEAT","SID","SURNAME","PREFNAME","LEVEL","UNITS","CLASS","MAJOR","GRADE","STATUS","EMAIL"
""
"CID","TERM","SUBJ","CRSE","SEC","UNITS"
"43049","200610","DEF","300","21","1.000 - 5.000"
""
"INSTRUCTOR(S)","TYPE","DAYS","TIME","BUILD","ROOM"
"Terry, Sophie L.","Variable","","","",""
""
"SEAT","SID","SURNAME","PREFNAME","LEVEL","UNITS","CLASS","MAJOR","GRADE","STATUS","EMAIL"
""
"CID","TERM","SUBJ","CRSE","SEC","UNITS"
"82672","200610","DEF","300","22","1.000 - 5.000"
""
"INSTRUCTOR(S)","TYPE","DAYS","TIME","BUILD","ROOM"
"Suarez, Julian J.","Variable","","","",""
""
"SEAT","SID","SURNAME","PREFNAME","LEVEL","UNITS","CLASS","MAJOR","GRADE","STATUS","EMAIL"
"1","284786183","Harris","Mia","ND","5","ND","O253","P","RE","mia.o.harris@fakeu.edu"
""
"CID","TERM","SUBJ","CRSE","SEC","UNITS"
"33950","200610","DEF","300","23","1.000 - 5.000"
""
"INSTRUCTOR(S)","TYPE","DAYS","TIME","BUILD","ROOM"
"","Variable","","","",""
""
"SEAT","SID","SURNAME","PREFNAME","LEVEL","UNITS","CLASS","MAJOR","GRADE","STATUS","EMAIL"
""
"CID","TERM","SUBJ","CRSE","SEC","UNITS"
"83769","200610","DEF","300","24","1.000 - 5.000"
""
"INSTRUCTOR(S)","TYPE","DAYS","TIME","BUILD","ROOM"
"Lopez, Joseph S.","Variable","","","",""
""
"SEAT","SID","SURNAME","PREFNAME","LEVEL","UNITS","CLASS","MAJOR","GRADE","STATUS","EMAIL"
""
"CID","TERM","SUBJ","CRSE","SEC","UNITS"
"85304","200610","DEF","300","25","1.000 - 5.000"
""
"INSTRUCTOR(S)","TYPE","DAYS","TIME","BUILD","ROOM"
"Griffith, Dylan J.","Variable","","","",""
""
"SEAT","SID","SURNAME","PREFNAME","LEVEL","UNITS","CLASS","MAJOR","GRADE","STATUS","EMAIL"
""
"CID","TERM","SUBJ","CRSE","SEC","UNITS"
"99414","200610","DEF","300","26","1.000 - 5.000"
""
"INSTRUCTOR(S)","TYPE","DAYS","TIME","BUILD","ROOM"
"Davis, Eva J.","Variable","","","",""
""
"SEAT","SID","SURNAME","PREFNAME","LEVEL","UNITS","CLASS","MAJOR","GRADE","STATUS","EMAIL"
""
"CID","TERM","SUBJ","CRSE","SEC","UNITS"
"43196","200610","DEF","300","27","1.000 - 5.000"
""
"INSTRUCTOR(S)","TYPE","DAYS","TIME","BUILD","ROOM"
"","Variable","","","",""
""
"SEAT","SID","SURNAME","PREFNAME","LEVEL","UNITS","CLASS","MAJOR","GRADE","STATUS","EMAIL"
""
"CID","TERM","SUBJ","CRSE","SEC","UNITS"
"82492","200610","DEF","300","28","1.000 - 5.000"
""
"INSTRUCTOR(S)","TYPE","DAYS","TIME","BUILD","ROOM"
"Wagner, Jayden G.","Variable","","","",""
""
"SEAT","SID","SURNAME","PREFNAME","LEVEL","UNITS","CLASS","MAJOR","GRADE","STATUS","EMAIL"
""
"CID","TERM","SUBJ","CRSE","SEC","UNITS"
"88308","200610","DEF","300","29","1.000 - 5.000"
""
"INSTRUCTOR(S)","TYPE","DAYS","TIME","BUILD","ROOM"
"","Variable","","","",""
""
"SEAT","SID","SURNAME","PREFNAME","LEVEL","UNITS","CLASS","MAJOR","GRADE","STATUS","EMAIL"
""
"CID","TERM","SUBJ","CRSE","SEC","UNITS"
"12109","200610","DEF","300","30","1.000 - 5.000"
""
"INSTRUCTOR(S)","TYPE","DAYS","TIME","BUILD","ROOM"
"Kennedy, Aiden J.","Variable","","","",""
""
"SEAT","SID","SURNAME","PREFNAME","LEVEL","UNITS","CLASS","MAJOR","GRADE","STATUS","EMAIL"
""
"CID","TERM","SUBJ","CRSE","SEC","UNITS"
"51430","200610","DEF","300","31","1.000 - 5.000"
""
"INSTRUCTOR(S)","TYPE","DAYS","TIME","BUILD","ROOM"
"","Variable","","","",""
""
"SEAT","SID","SURNAME","PREFNAME","LEVEL","UNITS","CLASS","MAJOR","GRADE","STATUS","EMAIL"
""
"CID","TERM","SUBJ","CRSE","SEC","UNITS"
"24803","200610","DEF","300","32","1.000 - 5.000"
""
"INSTRUCTOR(S)","TYPE","DAYS","TIME","BUILD","ROOM"
"Davenport, Jackson L.","Variable","","","",""
""
"SEAT","SID","SURNAME","PREFNAME","LEVEL","UNITS","CLASS","MAJOR","GRADE","STATUS","EMAIL"
""
"CID","TERM","SUBJ","CRSE","SEC","UNITS"
"22070","200610","DEF","300","33","1.000 - 5.000"
""
"INSTRUCTOR(S)","TYPE","DAYS","TIME","BUILD","ROOM"
"Tyler, Isaac J.","Variable","","","",""
""
"SEAT","SID","SURNAME","PREFNAME","LEVEL","UNITS","CLASS","MAJOR","GRADE","STATUS","EMAIL"
""
"CID","TERM","SUBJ","CRSE","SEC","UNITS"
"13954","200610","DEF","300","34","1.000 - 5.000"
""
"INSTRUCTOR(S)","TYPE","DAYS","TIME","BUILD","ROOM"
"Williams, Alexander A.","Variable","","","",""
""
"SEAT","SID","SURNAME","PREFNAME","LEVEL","UNITS","CLASS","MAJOR","GRADE","STATUS","EMAIL"
""
"CID","TERM","SUBJ","CRSE","SEC","UNITS"
"90617","200610","DEF","300","35","1.000 - 5.000"
""
"INSTRUCTOR(S)","TYPE","DAYS","TIME","BUILD","ROOM"
"Mcdaniel, Elijah I.","Variable","","","",""
""
"SEAT","SID","SURNAME","PREFNAME","LEVEL","UNITS","CLASS","MAJOR","GRADE","STATUS","EMAIL"
""
"CID","TERM","SUBJ","CRSE","SEC","UNITS"
"59346","200610","DEF","300","36","1.000 - 5.000"
""
"INSTRUCTOR(S)","TYPE","DAYS","TIME","BUILD","ROOM"
"","Variable","","","",""
""
"SEAT","SID","SURNAME","PREFNAME","LEVEL","UNITS","CLASS","MAJOR","GRADE","STATUS","EMAIL"
""
"CID","TERM","SUBJ","CRSE","SEC","UNITS"
"78022","200610","DEF","300","37","1.000 - 5.000"
""
"INSTRUCTOR(S)","TYPE","DAYS","TIME","BUILD","ROOM"
"Hodges, Jose I.","Variable","","","",""
""
"SEAT","SID","SURNAME","PREFNAME","LEVEL","UNITS","CLASS","MAJOR","GRADE","STATUS","EMAIL"
""
"CID","TERM","SUBJ","CRSE","SEC","UNITS"
"15734","200610","DEF","300","38","1.000 - 5.000"
""
"INSTRUCTOR(S)","TYPE","DAYS","TIME","BUILD","ROOM"
"Smith, Layla N.","Variable","","","",""
""
"SEAT","SID","SURNAME","PREFNAME","LEVEL","UNITS","CLASS","MAJOR","GRADE","STATUS","EMAIL"
""
"CID","TERM","SUBJ","CRSE","SEC","UNITS"
"71137","200610","DEF","300","39","1.000 - 5.000"
""
"INSTRUCTOR(S)","TYPE","DAYS","TIME","BUILD","ROOM"
"","Variable","","","",""
""
"SEAT","SID","SURNAME","PREFNAME","LEVEL","UNITS","CLASS","MAJOR","GRADE","STATUS","EMAIL"
""
"CID","TERM","SUBJ","CRSE","SEC","UNITS"
"46927","200610","DEF","300","40","1.000 - 5.000"
""
"INSTRUCTOR(S)","TYPE","DAYS","TIME","BUILD","ROOM"
"","Variable","","","",""
""
"SEAT","SID","SURNAME","PREFNAME","LEVEL","UNITS","CLASS","MAJOR","GRADE","STATUS","EMAIL"
""
"CID","TERM","SUBJ","CRSE","SEC","UNITS"
"73936","200610","DEF","300","41","1.000 - 5.000"
""
"INSTRUCTOR(S)","TYPE","DAYS","TIME","BUILD","ROOM"
"","Variable","","","",""
""
"SEAT","SID","SURNAME","PREFNAME","LEVEL","UNITS","CLASS","MAJOR","GRADE","STATUS","EMAIL"
""
"CID","TERM","SUBJ","CRSE","SEC","UNITS"
"19392","200610","DEF","300","42","1.000 - 5.000"
""
"INSTRUCTOR(S)","TYPE","DAYS","TIME","BUILD","ROOM"
"","Variable","","","",""
""
"SEAT","SID","SURNAME","PREFNAME","LEVEL","UNITS","CLASS","MAJOR","GRADE","STATUS","EMAIL"
""
"CID","TERM","SUBJ","CRSE","SEC","UNITS"
"35941","200610","DEF","300","43","1.000 - 5.000"
""
"INSTRUCTOR(S)","TYPE","DAYS","TIME","BUILD","ROOM"
"Morris, Sebastian B.","Variable","","","",""
""
"SEAT","SID","SURNAME","PREFNAME","LEVEL","UNITS","CLASS","MAJOR","GRADE","STATUS","EMAIL"
""
"CID","TERM","SUBJ","CRSE","SEC","UNITS"
"67549","200610","DEF","300","44","1.000 - 5.000"
""
"INSTRUCTOR(S)","TYPE","DAYS","TIME","BUILD","ROOM"
"","Variable","","","",""
""
"SEAT","SID","SURNAME","PREFNAME","LEVEL","UNITS","CLASS","MAJOR","GRADE","STATUS","EMAIL"
""
"CID","TERM","SUBJ","CRSE","SEC","UNITS"
"33420","200610","DEF","300","45","1.000 - 5.000"
""
"INSTRUCTOR(S)","TYPE","DAYS","TIME","BUILD","ROOM"
"","Variable","","","",""
""
"SEAT","SID","SURNAME","PREFNAME","LEVEL","UNITS","CLASS","MAJOR","GRADE","STATUS","EMAIL"
""
"CID","TERM","SUBJ","CRSE","SEC","UNITS"
"70854","200610","DEF","300","46","1.000 - 5.000"
""
"INSTRUCTOR(S)","TYPE","DAYS","TIME","BUILD","ROOM"
"Anderson, Samuel J.","Variable","","","",""
""
"SEAT","SID","SURNAME","PREFNAME","LEVEL","UNITS","CLASS","MAJOR","GRADE","STATUS","EMAIL"
"1","297080624","Moss","Joseph","ND","3","ND","O253","P","RE","joseph.g.moss@fakeu.edu"
"2","332246339","Johnson","Emma","UG","2","SR","DEF1","P","RE","emma.w.johnson@fakeu.edu"
"3","556593164","Guerrero","Tyler","UG","1","SR","DEF1","P","RE","tyler.e.guerrero@fakeu.edu"
""
"CID","TERM","SUBJ","CRSE","SEC","UNITS"
"31246","200610","DEF","308","1","3"
""
"INSTRUCTOR(S)","TYPE","DAYS","TIME","BUILD","ROOM"
"Harper, Samuel M.","Lecture","TR","4:40 PM - 6:00 PM","TB2","118"
""
"SEAT","SID","SURNAME","PREFNAME","LEVEL","UNITS","CLASS","MAJOR","GRADE","STATUS","EMAIL"
"1","126052960","Montoya","Andrea","UG","3","SR","DEF1","B","RE","andrea.a.montoya@fakeu.edu"
"2","266335994","Andrews","James","UG","3","SR","DEF1","B+","RE","james.n.andrews@fakeu.edu"
"3","831470022","Thompson","Ivan","UG","3","SR","DEF1","B","RE","ivan.g.thompson@fakeu.edu"
"4","736849583","Martin","Gabriel","GR","3","D1","DEFG","A-","RE","gabriel.c.martin@fakeu.edu"
"5","869062337","Franklin","James","GR","3","D1","DEFG","A-","RE","james.e.franklin@fakeu.edu"
"6","320277753","Baker","Kevin","GR","3","D1","DEFG","A","RE","kevin.i.baker@fakeu.edu"
"7","342262167","Graves","Angelina","GR","3","D1","DEFG","A","RE","angelina.z.graves@fakeu.edu"
"8","673498811","Wade","Ava","GR","3","GM","DEFG","B","RE","ava.i.wade@fakeu.edu"
"9","290603499","Jackson","Julian","GR","3","D1","DEFG","B-","RE","julian.j.jackson@fakeu.edu"
"10","817304533","Campbell","Jose","UG","3","SR","DEF1","A","RE","jose.v.campbell@fakeu.edu"
"11","780636156","Patel","Ethan","UG","3","SR","DEF1","C","RE","ethan.s.patel@fakeu.edu"
"12","786442010","Black","Samantha","GR","3","D1","DEFG","B","RE","samantha.m.black@fakeu.edu"
""
"CID","TERM","SUBJ","CRSE","SEC","UNITS"
"49933","200610","DEF","314","1","3"
""
"INSTRUCTOR(S)","TYPE","DAYS","TIME","BUILD","ROOM"
"Sanders, Julian R.","Lecture","TR","12:10 PM - 1:30 PM","MB2","1006"
""
"SEAT","SID","SURNAME","PREFNAME","LEVEL","UNITS","CLASS","MAJOR","GRADE","STATUS","EMAIL"
"1","123830013","Lawson","Jacob","GR","3","GM","DEFG","A","RE","jacob.o.lawson@fakeu.edu"
"2","710324167","Goodwin","Kevin","GR","3","GM","DEFG","A-","RE","kevin.l.goodwin@fakeu.edu"
"3","703391604","Davis","Jesus","GR","3","D1","DEFG","A","RE","jesus.g.davis@fakeu.edu"
"4","826790161","Henderson","Sophia","GR","3","GM","DEFG","A-","RE","sophia.s.henderson@fakeu.edu"
"5","726899807","Levy","Alyssa","GR","3","D1","DEFG","A-","RE","alyssa.j.levy@fakeu.edu"
"6","965005725","Ramirez","Genesis","GR","3","GM","DEFG","A-","RE","genesis.g.ramirez@fakeu.edu"
"7","320277753","Baker","Kevin","GR","3","D1","DEFG","A","RE","kevin.i.baker@fakeu.edu"
"8","453124927","Everett","Zoe","GR","3","GM","DEFG","A","RE","zoe.a.everett@fakeu.edu"
"9","989052556","Thomas","Layla","GR","3","GM","DEFG","A-","RE","layla.e.thomas@fakeu.edu"
"10","139864515","Chang","Aubrey","GR","3","D1","DEFG","A","RE","aubrey.c.chang@fakeu.edu"
"11","617928361","Leonard","Brayden","GR","3","GM","DEFG","A","RE","brayden.s.leonard@fakeu.edu"
"12","276333509","Galloway","Alexa","GR","3","GM","DEFG","A","RE","alexa.c.galloway@fakeu.edu"
"13","388896887","Hall","Emily","GR","3","D1","DEFG","A-","RE","emily.a.hall@fakeu.edu"
"14","366353157","Dudley","Harper","GR","3","D1","DEFG","A","RE","harper.v.dudley@fakeu.edu"
""
"CID","TERM","SUBJ","CRSE","SEC","UNITS"
"73394","200610","DEF","326","1","3"
""
"INSTRUCTOR(S)","TYPE","DAYS","TIME","BUILD","ROOM"
"Smith, Layla N.","Lecture","MWF","9:00 AM - 9:50 AM","LH5","16"
""
"SEAT","SID","SURNAME","PREFNAME","LEVEL","UNITS","CLASS","MAJOR","GRADE","STATUS","EMAIL"
"1","717486994","Weiss","Adam","GR","3","GM","DEFG","B","RE","adam.g.weiss@fakeu.edu"
"2","450438984","Taylor","Jose","GR","3","D1","DEFG","C","RE","jose.m.taylor@fakeu.edu"
"3","865778587","Gibson","Carlos","GR","3","GM","DEFG","C","RE","carlos.a.gibson@fakeu.edu"
"4","692302523","Long","Giovanni","GR","3","GM","DEFG","F","RE","giovanni.g.long@fakeu.edu"
"5","290603499","Jackson","Julian","GR","3","D1","DEFG","A-","RE","julian.j.jackson@fakeu.edu"
""
"CID","TERM","SUBJ","CRSE","SEC","UNITS"
"94152","200610","DEF","342","1","3"
""
"INSTRUCTOR(S)","TYPE","DAYS","TIME","BUILD","ROOM"
"Martin, Audrey T.","Lecture","TR","3:10 PM - 4:30 PM","MB2","1006"
""
"SEAT","SID","SURNAME","PREFNAME","LEVEL","UNITS","CLASS","MAJOR","GRADE","STATUS","EMAIL"
"1","177405346","Perkins","Charlotte","UG","3","SR","DEF1","A","RE","charlotte.l.perkins@fakeu.edu"
"2","895590811","Ware","Valerie","GR","3","D1","OT82","A-","RE","valerie.i.ware@fakeu.edu"
"3","540395242","Massey","Jonathan","GR","3","D1","DEFG","A","RE","jonathan.l.massey@fakeu.edu"
"4","220115023","Mullen","Sofia","U2","3","U2","DEF1","A","RE","sofia.l.mullen@fakeu.edu"
"5","209691473","Sanchez","Addison","GR","3","D1","DEFG","A","RE","addison.s.sanchez@fakeu.edu"
"6","414331740","Smith","Samantha","GR","3","D1","DEFG","A","RE","samantha.b.smith1@fakeu.edu"
"7","591153773","Holloway","Ashley","GR","3","D1","DEFG","A","RE","ashley.c.holloway@fakeu.edu"
"8","673498811","Wade","Ava","GR","3","GM","DEFG","B+","RE","ava.i.wade@fakeu.edu"
"9","485315533","Vinson","Angel","GR","3","GM","DEFG","A-","RE","angel.j.vinson@fakeu.edu"
"10","915328602","Morgan","Julian","GR","3","D1","DEFG","A","RE","julian.c.morgan@fakeu.edu"
"11","514521142","Collins","Alexander","GR","3","D1","DEFG","A-","RE","alexander.i.collins1@fakeu.edu"
"12","511044637","Long","Samantha","GR","3","D1","DEFG","B+","RE","samantha.a.long@fakeu.edu"
"13","393815218","Nelson","Delilah","GR","3","D1","DEFG","A","RE","delilah.a.nelson@fakeu.edu"
"14","165842041","Jennings","Emily","GR","3","D1","DEFG","B+","RE","emily.r.jennings@fakeu.edu"
""
"CID","TERM","SUBJ","CRSE","SEC","UNITS"
"57279","200610","DEF","347","1","1"
""
"INSTRUCTOR(S)","TYPE","DAYS","TIME","BUILD","ROOM"
"Santana, Vanessa N.","Laboratory","TR","12:10 PM - 1:30 PM","MB2","1016"
""
"SEAT","SID","SURNAME","PREFNAME","LEVEL","UNITS","CLASS","MAJOR","GRADE","STATUS","EMAIL"
"1","111291724","Hamilton","Matthew","GR","1","D1","DEFG","U","RE","matthew.g.hamilton@fakeu.edu"
""
"CID","TERM","SUBJ","CRSE","SEC","UNITS"
"61019","200610","DEF","356","1","4"
""
"INSTRUCTOR(S)","TYPE","DAYS","TIME","BUILD","ROOM"
"Turner, Giovanni E.","Lecture","MW","2:10 PM - 4:00 PM","LH4","37"
""
"SEAT","SID","SURNAME","PREFNAME","LEVEL","UNITS","CLASS","MAJOR","GRADE","STATUS","EMAIL"
"1","373807101","Palmer","Nicholas","GR","4","D1","DEFG","A-","RE","nicholas.a.palmer@fakeu.edu"
"2","869062337","Franklin","James","GR","4","D1","DEFG","A","RE","james.e.franklin@fakeu.edu"
"3","965005725","Ramirez","Genesis","GR","4","GM","DEFG","C+","RE","genesis.g.ramirez@fakeu.edu"
"4","455041364","Lee","Ethan","GR","4","D1","DEFG","A+","RE","ethan.o.lee@fakeu.edu"
"5","389781191","Frazier","Alexandra","GR","4","D1","DEFG","A","RE","alexandra.c.frazier@fakeu.edu"
"6","165842041","Jennings","Emily","GR","4","D1","DEFG","A+","RE","emily.r.jennings@fakeu.edu"
"7","692302523","Long","Giovanni","GR","4","GM","DEFG","F","RE","giovanni.g.long@fakeu.edu"
"8","763781228","Murray","Addison","GR","4","GM","OT76","A-","RE","addison.a.murray@fakeu.edu"
"9","348812773","Osborne","Damian","GR","4","D1","OT99","C","RE","damian.e.osborne@fakeu.edu"
""
"CID","TERM","SUBJ","CRSE","SEC","UNITS"
"12342","200610","DEF","367","1","4"
""
"INSTRUCTOR(S)","TYPE","DAYS","TIME","BUILD","ROOM"
"Davis, Eva J.","Lecture","MW","10:00 AM - 11:20 AM","MB2","1012"
"","Discussion","MW","11:30 AM - 11:50 AM","MB2","1012"
""
"SEAT","SID","SURNAME","PREFNAME","LEVEL","UNITS","CLASS","MAJOR","GRADE","STATUS","EMAIL"
"1","373807101","Palmer","Nicholas","GR","4","D1","DEFG","B+","RE","nicholas.a.palmer@fakeu.edu"
"2","699349276","Morse","Aaron","GR","4","GM","DEFG","C-","RE","aaron.i.morse@fakeu.edu"
"3","487443986","Whitfield","Brooklyn","GR","4","D1","DEFG","B","RE","brooklyn.i.whitfield@fakeu.edu"
"4","993220701","Reed","Isaac","GR","4","GM","DEFG","C","RE","isaac.k.reed@fakeu.edu"
"5","890852039","Thompson","Hailey","GR","4","GM","DEFG","C","RE","hailey.o.thompson@fakeu.edu"
"6","389781191","Frazier","Alexandra","GR","4","D1","DEFG","B+","RE","alexandra.c.frazier@fakeu.edu"
"7","668915302","Mccormick","Samuel","GR","4","D1","OT82","B+","RE","samuel.a.mccormick@fakeu.edu"
"8","165842041","Jennings","Emily","GR","4","D1","DEFG","A+","RE","emily.r.jennings@fakeu.edu"
"9","276333509","Galloway","Alexa","GR","4","GM","DEFG","B","RE","alexa.c.galloway@fakeu.edu"
"10","950876528","Maddox","Josiah","GR","4","D1","DEFG","A","RE","josiah.j.maddox@fakeu.edu"
"11","286401241","Dean","Arianna","GR","4","D1","DEFG","A","RE","arianna.a.dean@fakeu.edu"
"12","532257547","Carey","Adrian","GR","4","D1","OT82","B","RE","adrian.a.carey@fakeu.edu"
"13","675856720","Elliott","Anthony","GR","4","D1","DEFG","B+","RE","anthony.a.elliott@fakeu.edu"
"14","129431184","Morgan","Samantha","GR","4","D1","DEFG","A","RE","samantha.k.morgan@fakeu.edu"
"15","237107458","Shepherd","Samantha","GR","4","D1","OT82","B","RE","samantha.k.shepherd@fakeu.edu"
"16","692302523","Long","Giovanni","GR","4","GM","DEFG","F","RE","giovanni.g.long@fakeu.edu"
"17","139864515","Chang","Aubrey","GR","4","D1","DEFG","B-","RE","aubrey.c.chang@fakeu.edu"
"18","380157742","Scott","Miguel","GR","4","D1","DEFG","A","RE","miguel.a.scott@fakeu.edu"
""
"CID","TERM","SUBJ","CRSE","SEC","UNITS"
"39380","200610","DEF","377","1","3"
""
"INSTRUCTOR(S)","TYPE","DAYS","TIME","BUILD","ROOM"
"Gibson, Melanie M.","Lecture","TR","9:00 AM - 10:20 AM","LH4","37"
""
"SEAT","SID","SURNAME","PREFNAME","LEVEL","UNITS","CLASS","MAJOR","GRADE","STATUS","EMAIL"
"1","160569396","Schmidt","Emma","GR","3","D1","DEFG","B+","RE","emma.t.schmidt@fakeu.edu"
"2","572938747","Simpson","Joseph","GR","3","GM","DEFG","A","RE","joseph.x.simpson@fakeu.edu"
"3","373807101","Palmer","Nicholas","GR","3","D1","DEFG","A","RE","nicholas.a.palmer@fakeu.edu"
"4","686064297","Jarvis","Thomas","GR","3","GM","DEFG","B","RE","thomas.n.jarvis@fakeu.edu"
"5","888854287","Moon","Isabella","GR","3","D1","DEFG","A-","RE","isabella.n.moon@fakeu.edu"
"6","397985633","Hall","Claire","GR","3","D1","DEFG","A+","RE","claire.m.hall@fakeu.edu"
"7","471425032","Harris","Aiden","GR","3","GM","DEFG","A","RE","aiden.j.harris@fakeu.edu"
"8","459985919","Quinn","Alex","GR","3","GM","DEFG","B+","RE","alex.j.quinn@fakeu.edu"
"9","286401241","Dean","Arianna","GR","3","D1","DEFG","A","RE","arianna.a.dean@fakeu.edu"
"10","129431184","Morgan","Samantha","GR","3","D1","DEFG","A","RE","samantha.k.morgan@fakeu.edu"
"11","826790161","Henderson","Sophia","GR","3","GM","DEFG","B-","RE","sophia.s.henderson@fakeu.edu"
"12","993220701","Reed","Isaac","GR","3","GM","DEFG","B+","RE","isaac.k.reed@fakeu.edu"
"13","389781191","Frazier","Alexandra","GR","3","D1","DEFG","A-","RE","alexandra.c.frazier@fakeu.edu"
""
"CID","TERM","SUBJ","CRSE","SEC","UNITS"
"41952","200610","DEF","379","1","3"
""
"INSTRUCTOR(S)","TYPE","DAYS","TIME","BUILD","ROOM"
"Stafford, Aaliyah A.","Lecture","TR","12:10 PM - 1:30 PM","MB2","1018"
""
"SEAT","SID","SURNAME","PREFNAME","LEVEL","UNITS","CLASS","MAJOR","GRADE","STATUS","EMAIL"
"1","160569396","Schmidt","Emma","GR","3","D1","DEFG","A","RE","emma.t.schmidt@fakeu.edu"
"2","142571213","Miller","Vincent","GR","3","GM","DEFG","A","RE","vincent.v.miller@fakeu.edu"
"3","602914937","Wright","Camila","GR","3","GM","ABCG","A","RE","camila.s.wright1@fakeu.edu"
"4","414331740","Smith","Samantha","GR","3","D1","DEFG","A","RE","samantha.b.smith1@fakeu.edu"
"5","993220701","Reed","Isaac","GR","3","GM","DEFG","A-","RE","isaac.k.reed@fakeu.edu"
"6","223556379","Walton","Elijah","GR","3","D1","DEFG","A","RE","elijah.l.walton@fakeu.edu"
"7","985402646","Spence","Nicholas","GR","3","GM","ABCG","A","RE","nicholas.v.spence@fakeu.edu"
"8","874999679","Sexton","Claire","UG","3","SR","DEF2","A-","RE","claire.o.sexton@fakeu.edu"
"9","455041364","Lee","Ethan","GR","3","D1","DEFG","A","RE","ethan.o.lee@fakeu.edu"
""
"CID","TERM","SUBJ","CRSE","SEC","UNITS"
"92349","200610","DEF","393","1","4"
""
"INSTRUCTOR(S)","TYPE","DAYS","TIME","BUILD","ROOM"
""
"SEAT","SID","SURNAME","PREFNAME","LEVEL","UNITS","CLASS","MAJOR","GRADE","STATUS","EMAIL"
""
"CID","TERM","SUBJ","CRSE","SEC","UNITS"
"24739","200610","DEF","406","1","1.000 - 5.000"
""
"INSTRUCTOR(S)","TYPE","DAYS","TIME","BUILD","ROOM"
"","Variable","TR","1:40 PM - 2:00 PM","MB2","1016"
"","Variable","","","",""
""
"SEAT","SID","SURNAME","PREFNAME","LEVEL","UNITS","CLASS","MAJOR","GRADE","STATUS","EMAIL"
""
"CID","TERM","SUBJ","CRSE","SEC","UNITS"
"49654","200610","DEF","416","1","1"
""
"INSTRUCTOR(S)","TYPE","DAYS","TIME","BUILD","ROOM"
"Patterson, Savannah Q.","Seminar","F","12:10 PM - 1:00 PM","TB2","112"
""
"SEAT","SID","SURNAME","PREFNAME","LEVEL","UNITS","CLASS","MAJOR","GRADE","STATUS","EMAIL"
"1","149824102","Graham","Dominic","GR","1","D2","DEFG","NS","RE","dominic.w.graham@fakeu.edu"
"2","789227287","White","Aubrey","GR","1","D1","DEFG","S","RE","aubrey.j.white@fakeu.edu"
"3","380236797","Thomas","Emily","GR","1","D2","DEFG","NS","RE","emily.m.thomas1@fakeu.edu"
"4","111291724","Hamilton","Matthew","GR","1","D1","DEFG","NS","RE","matthew.g.hamilton@fakeu.edu"
"5","123830013","Lawson","Jacob","GR","1","GM","DEFG","U","RE","jacob.o.lawson@fakeu.edu"
"6","758274204","Burris","Samuel","GR","1","D1","DEFG","S","RE","samuel.j.burris@fakeu.edu"
"7","726899807","Levy","Alyssa","GR","1","D1","DEFG","S","RE","alyssa.j.levy@fakeu.edu"
"8","572938747","Simpson","Joseph","GR","1","GM","DEFG","S","RE","joseph.x.simpson@fakeu.edu"
"9","540395242","Massey","Jonathan","GR","1","D1","DEFG","S","RE","jonathan.l.massey@fakeu.edu"
"10","360376656","Nelson","Michael","GR","1","D2","DEFG","NS","RE","michael.c.nelson@fakeu.edu"
"11","173549116","Matthews","Sofia","GR","1","D2","DEFG","NS","RE","sofia.t.matthews@fakeu.edu"
"12","736849583","Martin","Gabriel","GR","1","D1","DEFG","S","RE","gabriel.c.martin@fakeu.edu"
"13","459985919","Quinn","Alex","GR","1","GM","DEFG","S","RE","alex.j.quinn@fakeu.edu"
"14","826790161","Henderson","Sophia","GR","1","GM","DEFG","NS","RE","sophia.s.henderson@fakeu.edu"
"15","786902734","Carter","Kevin","GR","1","D1","DEFG","S","RE","kevin.j.carter@fakeu.edu"
"16","690013604","Ramos","Eli","GR","1","D1","DEFG","S","RE","eli.b.ramos@fakeu.edu"
"17","717486994","Weiss","Adam","GR","1","GM","DEFG","NS","RE","adam.g.weiss@fakeu.edu"
"18","869062337","Franklin","James","GR","1","D1","DEFG","NS","RE","james.e.franklin@fakeu.edu"
"19","943539696","Good","Vanessa","GR","1","D2","DEFG","NS","RE","vanessa.p.good@fakeu.edu"
"20","233678481","Dean","Michael","GR","1","D2","DEFG","NS","RE","michael.c.dean@fakeu.edu"
"21","686064297","Jarvis","Thomas","GR","1","GM","DEFG","S","RE","thomas.n.jarvis@fakeu.edu"
"22","965005725","Ramirez","Genesis","GR","1","GM","DEFG","NS","RE","genesis.g.ramirez@fakeu.edu"
"23","988635743","Butler","Angel","GR","1","D2","DEFG","S","RE","angel.e.butler@fakeu.edu"
"24","487443986","Whitfield","Brooklyn","GR","1","D1","DEFG","NS","RE","brooklyn.i.whitfield@fakeu.edu"
"25","993220701","Reed","Isaac","GR","1","GM","DEFG","NS","RE","isaac.k.reed@fakeu.edu"
"26","890852039","Thompson","Hailey","GR","1","GM","DEFG","NS","RE","hailey.o.thompson@fakeu.edu"
"27","320277753","Baker","Kevin","GR","1","D1","DEFG","NS","RE","kevin.i.baker@fakeu.edu"
"28","280709324","Rose","Kayla","GR","1","D1","DEFG","U","RE","kayla.g.rose@fakeu.edu"
"29","142571213","Miller","Vincent","GR","1","GM","DEFG","NS","RE","vincent.v.miller@fakeu.edu"
"30","389781191","Frazier","Alexandra","GR","1","D1","DEFG","NS","RE","alexandra.c.frazier@fakeu.edu"
"31","628736270","Taylor","Jayden","GR","1","D1","DEFG","NS","RE","jayden.e.taylor@fakeu.edu"
"32","342262167","Graves","Angelina","GR","1","D1","DEFG","S","RE","angelina.z.graves@fakeu.edu"
"33","450438984","Taylor","Jose","GR","1","D1","DEFG","NS","RE","jose.m.taylor@fakeu.edu"
"34","209691473","Sanchez","Addison","GR","1","D1","DEFG","NS","RE","addison.s.sanchez@fakeu.edu"
"35","380157742","Scott","Miguel","GR","1","D1","DEFG","S","RE","miguel.a.scott@fakeu.edu"
"36","397985633","Hall","Claire","GR","1","D1","DEFG","NS","RE","claire.m.hall@fakeu.edu"
"37","320690041","Austin","Matthew","GR","1","D1","DEFG","NS","RE","matthew.l.austin@fakeu.edu"
"38","763457268","Ross","Jacob","GR","1","D1","DEFG","NS","RE","jacob.e.ross@fakeu.edu"
"39","603527293","Hill","Vincent","GR","1","GM","DEFG","S","RE","vincent.a.hill@fakeu.edu"
"40","699349276","Morse","Aaron","GR","1","GM","DEFG","S","RE","aaron.i.morse@fakeu.edu"
"41","414331740","Smith","Samantha","GR","1","D1","DEFG","S","RE","samantha.b.smith1@fakeu.edu"
"42","255462900","Johnson","Sophia","GR","1","D1","DEFG","NS","RE","sophia.s.johnson2@fakeu.edu"
"43","876573391","Howe","Jacob","GR","1","D1","DEFG","NS","RE","jacob.i.howe@fakeu.edu"
"44","722498286","Brown","Nathan","GR","1","D2","DEFG","NS","RE","nathan.s.brown@fakeu.edu"
"45","673498811","Wade","Ava","GR","1","GM","DEFG","NS","RE","ava.i.wade@fakeu.edu"
"46","485315533","Vinson","Angel","GR","1","GM","DEFG","NS","RE","angel.j.vinson@fakeu.edu"
"47","924431215","Williams","Ethan","GR","1","D1","DEFG","S","RE","ethan.m.williams@fakeu.edu"
"48","669581313","Velazquez","Hailey","GR","1","D2","DEFG","S","RE","hailey.l.velazquez@fakeu.edu"
"49","286401241","Dean","Arianna","GR","1","D1","DEFG","NS","RE","arianna.a.dean@fakeu.edu"
"50","474050677","Graham","Eric","GR","1","D1","DEFG","NS","RE","eric.a.graham@fakeu.edu"
"51","390935622","Price","Isabella","GR","1","D2","DEFG","S","RE","isabella.j.price@fakeu.edu"
"52","865778587","Gibson","Carlos","GR","1","GM","DEFG","NS","RE","carlos.a.gibson@fakeu.edu"
"53","312599346","Duke","Angelina","GR","1","D2","DEFG","NS","RE","angelina.r.duke@fakeu.edu"
"54","616467710","Nguyen","Mason","GR","1","D1","DEFG","S","RE","mason.j.nguyen@fakeu.edu"
"55","248412370","Robinson","Valerie","GR","1","GM","DEFG","S","RE","valerie.a.robinson@fakeu.edu"
"56","158287553","Ward","Giselle","GR","1","GM","DEFG","NS","RE","giselle.d.ward@fakeu.edu"
"57","372784266","Fuller","Kevin","GR","1","D1","DEFG","NS","RE","kevin.c.fuller@fakeu.edu"
"58","695847828","Carr","Jorge","GR","1","D2","OT76","S","RE","jorge.m.carr@fakeu.edu"
"59","915328602","Morgan","Julian","GR","1","D1","DEFG","NS","RE","julian.c.morgan@fakeu.edu"
"60","453124927","Everett","Zoe","GR","1","GM","DEFG","S","RE","zoe.a.everett@fakeu.edu"
"61","223556379","Walton","Elijah","GR","1","D1","DEFG","NS","RE","elijah.l.walton@fakeu.edu"
"62","409886378","Brown","Michael","GR","1","D1","DEFG","NS","RE","michael.b.brown@fakeu.edu"
"63","790593933","Hughes","Jordan","GR","1","D2","DEFG","S","RE","jordan.l.hughes@fakeu.edu"
"64","542654013","Jackson","Emma","GR","1","GM","DEFG","NS","RE","emma.m.jackson@fakeu.edu"
"65","129431184","Morgan","Samantha","GR","1","D1","DEFG","NS","RE","samantha.k.morgan@fakeu.edu"
"66","693521907","Morris","Brooklyn","GR","1","D2","DEFG","S","RE","brooklyn.e.morris@fakeu.edu"
"67","154531188","Hammond","Aiden","GR","1","D2","DEFG","NS","RE","aiden.h.hammond@fakeu.edu"
"68","514521142","Collins","Alexander","GR","1","D1","DEFG","NS","RE","alexander.i.collins1@fakeu.edu"
"69","345568472","Jones","Jackson","GR","1","D2","DEFG","NS","RE","jackson.n.jones@fakeu.edu"
"70","217751202","Parks","Emma","GR","1","D2","DEFG","NS","RE","emma.l.parks@fakeu.edu"
"71","808968776","Robertson","Matthew","GR","1","D1","DEFG","NS","RE","matthew.a.robertson@fakeu.edu"
"72","445760199","Byrd","Joshua","GR","1","D2","DEFG","NS","RE","joshua.g.byrd@fakeu.edu"
"73","699318264","Warren","Mateo","GR","1","D1","DEFG","S","RE","mateo.a.warren@fakeu.edu"
"74","719958184","Pacheco","Ruby","GR","1","D2","DEFG","NS","RE","ruby.j.pacheco@fakeu.edu"
"75","322793626","Doyle","Giovanni","GR","1","D2","DEFG","NS","RE","giovanni.r.doyle@fakeu.edu"
"76","397248690","Moore","Jack","GR","1","D1","DEFG","S","RE","jack.a.moore@fakeu.edu"
"77","979900401","Summers","Caleb","GR","1","D1","DEFG","NS","RE","caleb.j.summers@fakeu.edu"
"78","692302523","Long","Giovanni","GR","1","GM","DEFG","NS","RE","giovanni.g.long@fakeu.edu"
"79","573146478","Chambers","Audrey","GR","1","D1","DEFG","NS","RE","audrey.j.chambers@fakeu.edu"
"80","695913835","Sanders","Caleb","GR","1","D2","DEFG","NS","RE","caleb.n.sanders@fakeu.edu"
"81","456988090","Kelley","Isabella","GR","1","D2","DEFG","NS","RE","isabella.a.kelley@fakeu.edu"
"82","511044637","Long","Samantha","GR","1","D1","DEFG","NS","RE","samantha.a.long@fakeu.edu"
"83","388896887","Hall","Emily","GR","1","D1","DEFG","S","RE","emily.a.hall@fakeu.edu"
"84","901109308","Jackson","Angel","GR","1","D2","DEFG","NS","RE","angel.j.jackson@fakeu.edu"
"85","675856720","Elliott","Anthony","GR","1","D1","DEFG","NS","RE","anthony.a.elliott@fakeu.edu"
"86","782259159","Wall","Julian","GR","1","D1","DEFG","NS","RE","julian.a.wall@fakeu.edu"
"87","786442010","Black","Samantha","GR","1","D1","DEFG","NS","RE","samantha.m.black@fakeu.edu"
"88","560207202","Stevens","Adam","GR","1","D2","DEFG","NS","RE","adam.h.stevens@fakeu.edu"
"89","471425032","Harris","Aiden","GR","1","GM","DEFG","S","RE","aiden.j.harris@fakeu.edu"
"90","612537874","Fischer","Isabella","GR","1","D1","DEFG","NS","RE","isabella.n.fischer@fakeu.edu"
"91","701034269","Coleman","Owen","GR","1","D1","DEFG","NS","RE","owen.n.coleman@fakeu.edu"
"92","455041364","Lee","Ethan","GR","1","D1","DEFG","NS","RE","ethan.o.lee@fakeu.edu"
"93","931572665","Leblanc","Jonathan","GR","1","D2","DEFG","NS","RE","jonathan.e.leblanc@fakeu.edu"
"94","703391604","Davis","Jesus","GR","1","D1","DEFG","S","RE","jesus.g.davis@fakeu.edu"
"95","927460924","Farmer","Savannah","GR","1","D2","DEFG","NS","RE","savannah.s.farmer@fakeu.edu"
"96","876626791","Johnson","Aiden","GR","1","D2","DEFG","NS","RE","aiden.g.johnson@fakeu.edu"
"97","622060204","Watkins","Sofia","GR","1","D2","DEFG","NS","RE","sofia.j.watkins@fakeu.edu"
"98","989052556","Thomas","Layla","GR","1","GM","DEFG","S","RE","layla.e.thomas@fakeu.edu"
"99","885328120","Ortiz","Jayden","GR","1","D2","DEFG","NS","RE","jayden.m.ortiz@fakeu.edu"
"100","228455894","Fowler","David","GR","1","D1","DEFG","NS","RE","david.l.fowler@fakeu.edu"
"101","290603499","Jackson","Julian","GR","1","D1","DEFG","S","RE","julian.j.jackson@fakeu.edu"
"102","132470253","Jones","Amelia","GR","1","D2","DEFG","NS","RE","amelia.a.jones@fakeu.edu"
"103","727035147","Washington","Daniel","GR","1","D2","DEFG","NS","RE","daniel.x.washington@fakeu.edu"
"104","223677511","Gray","Christopher","GR","1","D1","OT78","S","RE","christopher.j.gray@fakeu.edu"
"105","542558153","Haney","Emma","GR","1","D2","DEFG","NS","RE","emma.c.haney@fakeu.edu"
"106","756976047","Burt","Owen","GR","1","D1","DEFG","NS","RE","owen.c.burt@fakeu.edu"
"107","572483790","Turner","Natalie","GR","1","D2","DEFG","NS","RE","natalie.d.turner@fakeu.edu"
"108","424666144","Mitchell","Gabriella","GR","1","D2","DEFG","NS","RE","gabriella.a.mitchell@fakeu.edu"
"109","373807101","Palmer","Nicholas","GR","1","D1","DEFG","S","RE","nicholas.a.palmer@fakeu.edu"
"110","137598966","Howard","Ava","GR","1","D2","DEFG","NS","RE","ava.k.howard@fakeu.edu"
"111","393815218","Nelson","Delilah","GR","1","D1","DEFG","S","RE","delilah.a.nelson@fakeu.edu"
"112","511976156","Campbell","Nicholas","GR","1","D2","DEFG","NS","RE","nicholas.c.campbell@fakeu.edu"
"113","408671089","Alexander","Aaron","GR","1","D1","DEFG","NS","RE","aaron.v.alexander@fakeu.edu"
"114","165842041","Jennings","Emily","GR","1","D1","DEFG","NS","RE","emily.r.jennings@fakeu.edu"
"115","458936093","Miller","Sophia","GR","1","D1","DEFG","S","RE","sophia.m.miller@fakeu.edu"
"116","888854287","Moon","Isabella","GR","1","D1","DEFG","NS","RE","isabella.n.moon@fakeu.edu"
"117","209112020","Gordon","Mia","GR","1","D2","DEFG","NS","RE","mia.r.gordon@fakeu.edu"
"118","409490297","Williams","David","GR","1","D2","DEFG","NS","RE","david.m.williams@fakeu.edu"
"119","494201508","Wright","Juan","GR","1","D2","DEFG","NS","RE","juan.i.wright@fakeu.edu"
"120","697099149","Davis","Melissa","GR","1","D1","DEFG","NS","RE","melissa.j.davis@fakeu.edu"
"121","104396082","Johnson","Eduardo","GR","1","D2","DEFG","NS","RE","eduardo.c.johnson@fakeu.edu"
""
"CID","TERM","SUBJ","CRSE","SEC","UNITS"
"47721","200610","DEF","417","1","1"
""
"INSTRUCTOR(S)","TYPE","DAYS","TIME","BUILD","ROOM"
"Gibson, Melanie M.","Discussion","","","",""
""
"SEAT","SID","SURNAME","PREFNAME","LEVEL","UNITS","CLASS","MAJOR","GRADE","STATUS","EMAIL"
""
"CID","TERM","SUBJ","CRSE","SEC","UNITS"
"51580","200610","DEF","417","2","1"
""
"INSTRUCTOR(S)","TYPE","DAYS","TIME","BUILD","ROOM"
"Stafford, Aaliyah A.","Discussion","","","",""
""
"SEAT","SID","SURNAME","PREFNAME","LEVEL","UNITS","CLASS","MAJOR","GRADE","STATUS","EMAIL"
"1","931572665","Leblanc","Jonathan","GR","1","D2","DEFG","S","RE","jonathan.e.leblanc@fakeu.edu"
"2","361007947","Page","Anthony","GR","1","D1","DEFG","S","RE","anthony.j.page@fakeu.edu"
"3","717486994","Weiss","Adam","GR","1","GM","DEFG","S","RE","adam.g.weiss@fakeu.edu"
"4","686064297","Jarvis","Thomas","GR","1","GM","DEFG","S","RE","thomas.n.jarvis@fakeu.edu"
"5","487443986","Whitfield","Brooklyn","GR","1","D1","DEFG","S","RE","brooklyn.i.whitfield@fakeu.edu"
"6","993220701","Reed","Isaac","GR","1","GM","DEFG","S","RE","isaac.k.reed@fakeu.edu"
"7","890852039","Thompson","Hailey","GR","1","GM","DEFG","S","RE","hailey.o.thompson@fakeu.edu"
"8","142571213","Miller","Vincent","GR","1","GM","DEFG","S","RE","vincent.v.miller@fakeu.edu"
"9","389781191","Frazier","Alexandra","GR","1","D1","DEFG","S","RE","alexandra.c.frazier@fakeu.edu"
"10","628736270","Taylor","Jayden","GR","1","D1","DEFG","S","RE","jayden.e.taylor@fakeu.edu"
"11","397985633","Hall","Claire","GR","1","D1","DEFG","S","RE","claire.m.hall@fakeu.edu"
"12","165842041","Jennings","Emily","GR","1","D1","DEFG","S","RE","emily.r.jennings@fakeu.edu"
"13","673498811","Wade","Ava","GR","1","GM","DEFG","S","RE","ava.i.wade@fakeu.edu"
"14","965005725","Ramirez","Genesis","GR","1","GM","DEFG","S","RE","genesis.g.ramirez@fakeu.edu"
"15","286401241","Dean","Arianna","GR","1","D1","DEFG","S","RE","arianna.a.dean@fakeu.edu"
"16","826790161","Henderson","Sophia","GR","1","GM","DEFG","S","RE","sophia.s.henderson@fakeu.edu"
"17","129431184","Morgan","Samantha","GR","1","D1","DEFG","S","RE","samantha.k.morgan@fakeu.edu"
"18","514521142","Collins","Alexander","GR","1","D1","DEFG","S","RE","alexander.i.collins1@fakeu.edu"
"19","692302523","Long","Giovanni","GR","1","GM","DEFG","S","RE","giovanni.g.long@fakeu.edu"
"20","786902734","Carter","Kevin","GR","1","D1","DEFG","S","RE","kevin.j.carter@fakeu.edu"
"21","414331740","Smith","Samantha","GR","1","D1","DEFG","S","RE","samantha.b.smith1@fakeu.edu"
"22","865778587","Gibson","Carlos","GR","1","GM","DEFG","S","RE","carlos.a.gibson@fakeu.edu"
"23","139864515","Chang","Aubrey","GR","1","D1","DEFG","S","RE","aubrey.c.chang@fakeu.edu"
""
"CID","TERM","SUBJ","CRSE","SEC","UNITS"
"21958","200610","DEF","417","3","1"
""
"INSTRUCTOR(S)","TYPE","DAYS","TIME","BUILD","ROOM"
"Goodwin, David A.","Discussion","","","",""
""
"SEAT","SID","SURNAME","PREFNAME","LEVEL","UNITS","CLASS","MAJOR","GRADE","STATUS","EMAIL"
"1","939625282","Peterson","Jessica","GR","1","D1","DEFG","S","RE","jessica.a.peterson@fakeu.edu"
""
"CID","TERM","SUBJ","CRSE","SEC","UNITS"
"31800","200610","DEF","417","4","1"
""
"INSTRUCTOR(S)","TYPE","DAYS","TIME","BUILD","ROOM"
"Walker, Violet A.","Discussion","","","",""
""
"SEAT","SID","SURNAME","PREFNAME","LEVEL","UNITS","CLASS","MAJOR","GRADE","STATUS","EMAIL"
""
"CID","TERM","SUBJ","CRSE","SEC","UNITS"
"42796","200610","DEF","417","5","1"
""
"INSTRUCTOR(S)","TYPE","DAYS","TIME","BUILD","ROOM"
"Mason, Daniel M.","Discussion","","","",""
""
"SEAT","SID","SURNAME","PREFNAME","LEVEL","UNITS","CLASS","MAJOR","GRADE","STATUS","EMAIL"
"1","789227287","White","Aubrey","GR","1","D1","DEFG","S","RE","aubrey.j.white@fakeu.edu"
"2","808968776","Robertson","Matthew","GR","1","D1","DEFG","S","RE","matthew.a.robertson@fakeu.edu"
"3","320690041","Austin","Matthew","GR","1","D1","DEFG","S","RE","matthew.l.austin@fakeu.edu"
"4","372784266","Fuller","Kevin","GR","1","D1","DEFG","S","RE","kevin.c.fuller@fakeu.edu"
"5","873546660","Davis","Alejandro","GR","1","D2","DEFG","S","RE","alejandro.g.davis1@fakeu.edu"
""
"CID","TERM","SUBJ","CRSE","SEC","UNITS"
"67180","200610","DEF","417","6","1"
""
"INSTRUCTOR(S)","TYPE","DAYS","TIME","BUILD","ROOM"
"Moody, Emma F.","Discussion","","","",""
""
"SEAT","SID","SURNAME","PREFNAME","LEVEL","UNITS","CLASS","MAJOR","GRADE","STATUS","EMAIL"
"1","758274204","Burris","Samuel","GR","1","D1","DEFG","S","RE","samuel.j.burris@fakeu.edu"
"2","459985919","Quinn","Alex","GR","1","GM","DEFG","S","RE","alex.j.quinn@fakeu.edu"
"3","280709324","Rose","Kayla","GR","1","D1","DEFG","S","RE","kayla.g.rose@fakeu.edu"
"4","217751202","Parks","Emma","GR","1","D2","DEFG","S","RE","emma.l.parks@fakeu.edu"
"5","676679643","Aguirre","Evelyn","GR","1","GM","DEFG","S","RE","evelyn.e.aguirre@fakeu.edu"
"6","492509711","Thompson","Giovanni","GR","1","D2","DEFG","S","RE","giovanni.a.thompson@fakeu.edu"
"7","542558153","Haney","Emma","GR","1","D2","DEFG","S","RE","emma.c.haney@fakeu.edu"
"8","397248690","Moore","Jack","GR","1","D1","DEFG","S","RE","jack.a.moore@fakeu.edu"
"9","186213015","Anderson","Christopher","GR","1","GM","DEFG","S","RE","christopher.g.anderson@fakeu.edu"
""
"CID","TERM","SUBJ","CRSE","SEC","UNITS"
"86134","200610","DEF","417","7","1"
""
"INSTRUCTOR(S)","TYPE","DAYS","TIME","BUILD","ROOM"
"Perry, Austin A.","Discussion","","","",""
""
"SEAT","SID","SURNAME","PREFNAME","LEVEL","UNITS","CLASS","MAJOR","GRADE","STATUS","EMAIL"
"1","456988090","Kelley","Isabella","GR","1","D2","DEFG","S","RE","isabella.a.kelley@fakeu.edu"
""
"CID","TERM","SUBJ","CRSE","SEC","UNITS"
"36433","200610","DEF","417","8","1"
""
"INSTRUCTOR(S)","TYPE","DAYS","TIME","BUILD","ROOM"
"Turner, Giovanni E.","Discussion","","","",""
""
"SEAT","SID","SURNAME","PREFNAME","LEVEL","UNITS","CLASS","MAJOR","GRADE","STATUS","EMAIL"
""
"CID","TERM","SUBJ","CRSE","SEC","UNITS"
"33274","200610","DEF","417","9","1"
""
"INSTRUCTOR(S)","TYPE","DAYS","TIME","BUILD","ROOM"
"Cox, Jordan V.","Discussion","","","",""
""
"SEAT","SID","SURNAME","PREFNAME","LEVEL","UNITS","CLASS","MAJOR","GRADE","STATUS","EMAIL"
"1","409490297","Williams","David","GR","1","D2","DEFG","S","RE","david.m.williams@fakeu.edu"
"2","434205087","Tyler","Ariana","GR","1","D2","ABCG","S","RE","ariana.t.tyler@fakeu.edu"
"3","223556379","Walton","Elijah","GR","1","D1","DEFG","S","RE","elijah.l.walton@fakeu.edu"
"4","887295418","Perkins","Robert","GR","1","D2","ABCG","S","RE","robert.a.perkins@fakeu.edu"
""
"CID","TERM","SUBJ","CRSE","SEC","UNITS"
"25292","200610","DEF","417","10","1"
""
"INSTRUCTOR(S)","TYPE","DAYS","TIME","BUILD","ROOM"
"Smith, Daniel N.","Discussion","","","",""
""
"SEAT","SID","SURNAME","PREFNAME","LEVEL","UNITS","CLASS","MAJOR","GRADE","STATUS","EMAIL"
""
"CID","TERM","SUBJ","CRSE","SEC","UNITS"
"48432","200610","DEF","417","11","1"
""
"INSTRUCTOR(S)","TYPE","DAYS","TIME","BUILD","ROOM"
"Lee, Nathaniel E.","Discussion","","","",""
""
"SEAT","SID","SURNAME","PREFNAME","LEVEL","UNITS","CLASS","MAJOR","GRADE","STATUS","EMAIL"
"1","456988090","Kelley","Isabella","GR","1","D2","DEFG","S","RE","isabella.a.kelley@fakeu.edu"
"2","458936093","Miller","Sophia","GR","1","D1","DEFG","S","RE","sophia.m.miller@fakeu.edu"
""
"CID","TERM","SUBJ","CRSE","SEC","UNITS"
"77499","200610","DEF","417","12","1"
""
"INSTRUCTOR(S)","TYPE","DAYS","TIME","BUILD","ROOM"
"Sanders, Ruby I.","Discussion","","","",""
""
"SEAT","SID","SURNAME","PREFNAME","LEVEL","UNITS","CLASS","MAJOR","GRADE","STATUS","EMAIL"
"1","965137610","Gilliam","Emma","GR","1","D2","DEFG","S","RE","emma.i.gilliam@fakeu.edu"
"2","790593933","Hughes","Jordan","GR","1","D2","DEFG","S","RE","jordan.l.hughes@fakeu.edu"
"3","322793626","Doyle","Giovanni","GR","1","D2","DEFG","S","RE","giovanni.r.doyle@fakeu.edu"
"4","269262835","Smith","Melissa","GR","1","D2","DEFG","S","RE","melissa.v.smith@fakeu.edu"
"5","719958184","Pacheco","Ruby","GR","1","D2","DEFG","S","RE","ruby.j.pacheco@fakeu.edu"
""
"CID","TERM","SUBJ","CRSE","SEC","UNITS"
"81002","200610","DEF","417","13","1"
""
"INSTRUCTOR(S)","TYPE","DAYS","TIME","BUILD","ROOM"
"White, Jonathan E.","Discussion","","","",""
""
"SEAT","SID","SURNAME","PREFNAME","LEVEL","UNITS","CLASS","MAJOR","GRADE","STATUS","EMAIL"
""
"CID","TERM","SUBJ","CRSE","SEC","UNITS"
"86557","200610","DEF","417","14","1"
""
"INSTRUCTOR(S)","TYPE","DAYS","TIME","BUILD","ROOM"
"Dalton, Jorge A.","Discussion","","","",""
""
"SEAT","SID","SURNAME","PREFNAME","LEVEL","UNITS","CLASS","MAJOR","GRADE","STATUS","EMAIL"
"1","373807101","Palmer","Nicholas","GR","1","D1","DEFG","S","RE","nicholas.a.palmer@fakeu.edu"
"2","695847828","Carr","Jorge","GR","1","D2","OT76","S","RE","jorge.m.carr@fakeu.edu"
""
"CID","TERM","SUBJ","CRSE","SEC","UNITS"
"29860","200610","DEF","417","15","1"
""
"INSTRUCTOR(S)","TYPE","DAYS","TIME","BUILD","ROOM"
"Rogers, Matthew A.","Discussion","","","",""
""
"SEAT","SID","SURNAME","PREFNAME","LEVEL","UNITS","CLASS","MAJOR","GRADE","STATUS","EMAIL"
"1","992965806","Fowler","Ashley","GR","1","D2","DEFG","NG","RE","ashley.m.fowler@fakeu.edu"
""
"CID","TERM","SUBJ","CRSE","SEC","UNITS"
"23551","200610","DEF","417","16","1"
""
"INSTRUCTOR(S)","TYPE","DAYS","TIME","BUILD","ROOM"
"Martin, Audrey T.","Discussion","","","",""
""
"SEAT","SID","SURNAME","PREFNAME","LEVEL","UNITS","CLASS","MAJOR","GRADE","STATUS","EMAIL"
"1","591153773","Holloway","Ashley","GR","1","D1","DEFG","S","RE","ashley.c.holloway@fakeu.edu"
"2","390935622","Price","Isabella","GR","1","D2","DEFG","S","RE","isabella.j.price@fakeu.edu"
"3","450438984","Taylor","Jose","GR","1","D1","DEFG","S","RE","jose.m.taylor@fakeu.edu"
"4","915328602","Morgan","Julian","GR","1","D1","DEFG","S","RE","julian.c.morgan@fakeu.edu"
"5","763457268","Ross","Jacob","GR","1","D1","DEFG","S","RE","jacob.e.ross@fakeu.edu"
""
"CID","TERM","SUBJ","CRSE","SEC","UNITS"
"27846","200610","DEF","417","17","1"
""
"INSTRUCTOR(S)","TYPE","DAYS","TIME","BUILD","ROOM"
"Sanders, Julian R.","Discussion","","","",""
""
"SEAT","SID","SURNAME","PREFNAME","LEVEL","UNITS","CLASS","MAJOR","GRADE","STATUS","EMAIL"
"1","669581313","Velazquez","Hailey","GR","1","D2","DEFG","S","RE","hailey.l.velazquez@fakeu.edu"
"2","424666144","Mitchell","Gabriella","GR","1","D2","DEFG","S","RE","gabriella.a.mitchell@fakeu.edu"
""
"CID","TERM","SUBJ","CRSE","SEC","UNITS"
"89526","200610","DEF","417","18","1"
""
"INSTRUCTOR(S)","TYPE","DAYS","TIME","BUILD","ROOM"
"Wiley, Natalie A.","Discussion","","","",""
""
"SEAT","SID","SURNAME","PREFNAME","LEVEL","UNITS","CLASS","MAJOR","GRADE","STATUS","EMAIL"
"1","209112020","Gordon","Mia","GR","1","D2","DEFG","S","RE","mia.r.gordon@fakeu.edu"
""
"CID","TERM","SUBJ","CRSE","SEC","UNITS"
"37673","200610","DEF","417","19","1"
""
"INSTRUCTOR(S)","TYPE","DAYS","TIME","BUILD","ROOM"
"Ayala, Sophia A.","Discussion","","","",""
""
"SEAT","SID","SURNAME","PREFNAME","LEVEL","UNITS","CLASS","MAJOR","GRADE","STATUS","EMAIL"
""
"CID","TERM","SUBJ","CRSE","SEC","UNITS"
"81192","200610","DEF","417","20","1"
""
"INSTRUCTOR(S)","TYPE","DAYS","TIME","BUILD","ROOM"
"Harper, Samuel M.","Discussion","","","",""
""
"SEAT","SID","SURNAME","PREFNAME","LEVEL","UNITS","CLASS","MAJOR","GRADE","STATUS","EMAIL"
"1","123830013","Lawson","Jacob","GR","1","GM","DEFG","S","RE","jacob.o.lawson@fakeu.edu"
"2","722498286","Brown","Nathan","GR","1","D2","DEFG","S","RE","nathan.s.brown@fakeu.edu"
"3","984833973","White","Ella","GR","1","D2","DEFG","S","RE","ella.l.white@fakeu.edu"
"4","494201508","Wright","Juan","GR","1","D2","DEFG","S","RE","juan.i.wright@fakeu.edu"
"5","876626791","Johnson","Aiden","GR","1","D2","DEFG","S","RE","aiden.g.johnson@fakeu.edu"
"6","620838993","Wallace","Ethan","GR","1","D2","DEFG","S","RE","ethan.j.wallace@fakeu.edu"
""
"CID","TERM","SUBJ","CRSE","SEC","UNITS"
"90183","200610","DEF","417","21","1"
""
"INSTRUCTOR(S)","TYPE","DAYS","TIME","BUILD","ROOM"
"Terry, Sophie L.","Discussion","","","",""
""
"SEAT","SID","SURNAME","PREFNAME","LEVEL","UNITS","CLASS","MAJOR","GRADE","STATUS","EMAIL"
"1","345568472","Jones","Jackson","GR","1","D2","DEFG","S","RE","jackson.n.jones@fakeu.edu"
""
"CID","TERM","SUBJ","CRSE","SEC","UNITS"
"12766","200610","DEF","417","22","1"
""
"INSTRUCTOR(S)","TYPE","DAYS","TIME","BUILD","ROOM"
"Suarez, Julian J.","Discussion","","","",""
""
"SEAT","SID","SURNAME","PREFNAME","LEVEL","UNITS","CLASS","MAJOR","GRADE","STATUS","EMAIL"
"1","736849583","Martin","Gabriel","GR","1","D1","DEFG","S","RE","gabriel.c.martin@fakeu.edu"
"2","952798063","Byers","Grace","GR","1","D2","DEFG","S","RE","grace.c.byers@fakeu.edu"
"3","342262167","Graves","Angelina","GR","1","D1","DEFG","S","RE","angelina.z.graves@fakeu.edu"
"4","130013644","Moore","Sarah","GR","1","D2","DEFG","S","RE","sarah.s.moore@fakeu.edu"
"5","132470253","Jones","Amelia","GR","1","D2","DEFG","S","RE","amelia.a.jones@fakeu.edu"
"6","445760199","Byrd","Joshua","GR","1","D2","DEFG","S","RE","joshua.g.byrd@fakeu.edu"
""
"CID","TERM","SUBJ","CRSE","SEC","UNITS"
"93586","200610","DEF","417","23","1"
""
"INSTRUCTOR(S)","TYPE","DAYS","TIME","BUILD","ROOM"
"Bryant, Kimberly R.","Discussion","","","",""
""
"SEAT","SID","SURNAME","PREFNAME","LEVEL","UNITS","CLASS","MAJOR","GRADE","STATUS","EMAIL"
""
"CID","TERM","SUBJ","CRSE","SEC","UNITS"
"43539","200610","DEF","417","24","1"
""
"INSTRUCTOR(S)","TYPE","DAYS","TIME","BUILD","ROOM"
"Lopez, Joseph S.","Discussion","","","",""
""
"SEAT","SID","SURNAME","PREFNAME","LEVEL","UNITS","CLASS","MAJOR","GRADE","STATUS","EMAIL"
"1","360376656","Nelson","Michael","GR","1","D2","DEFG","S","RE","michael.c.nelson@fakeu.edu"
"2","943539696","Good","Vanessa","GR","1","D2","DEFG","S","RE","vanessa.p.good@fakeu.edu"
"3","254700837","Brown","Lucas","GR","1","D1","ABCG","S","RE","lucas.e.brown@fakeu.edu"
"4","965673505","Frost","Anthony","GR","1","D1","ABCG","S","RE","anthony.b.frost@fakeu.edu"
"5","262059817","Bowen","Charlotte","GR","1","D1","DEFG","S","RE","charlotte.l.bowen@fakeu.edu"
"6","137598966","Howard","Ava","GR","1","D2","DEFG","S","RE","ava.k.howard@fakeu.edu"
"7","361312452","Butler","Mia","GR","1","GM","DEFG","S","RE","mia.v.butler@fakeu.edu"
"8","827112060","Sparks","Anthony","GR","1","D1","ABCG","S","RE","anthony.n.sparks@fakeu.edu"
""
"CID","TERM","SUBJ","CRSE","SEC","UNITS"
"53648","200610","DEF","417","25","1"
""
"INSTRUCTOR(S)","TYPE","DAYS","TIME","BUILD","ROOM"
"Griffith, Dylan J.","Discussion","","","",""
""
"SEAT","SID","SURNAME","PREFNAME","LEVEL","UNITS","CLASS","MAJOR","GRADE","STATUS","EMAIL"
"1","474050677","Graham","Eric","GR","1","D1","DEFG","S","RE","eric.a.graham@fakeu.edu"
"2","409886378","Brown","Michael","GR","1","D1","DEFG","S","RE","michael.b.brown@fakeu.edu"
"3","927460924","Farmer","Savannah","GR","1","D2","DEFG","S","RE","savannah.s.farmer@fakeu.edu"
"4","560207202","Stevens","Adam","GR","1","D2","DEFG","S","RE","adam.h.stevens@fakeu.edu"
"5","255462900","Johnson","Sophia","GR","1","D1","DEFG","S","RE","sophia.s.johnson2@fakeu.edu"
"6","697099149","Davis","Melissa","GR","1","D1","DEFG","S","RE","melissa.j.davis@fakeu.edu"
"7","173549116","Matthews","Sofia","GR","1","D2","DEFG","S","RE","sofia.t.matthews@fakeu.edu"
""
"CID","TERM","SUBJ","CRSE","SEC","UNITS"
"82422","200610","DEF","417","26","1"
""
"INSTRUCTOR(S)","TYPE","DAYS","TIME","BUILD","ROOM"
"Davis, Eva J.","Discussion","","","",""
""
"SEAT","SID","SURNAME","PREFNAME","LEVEL","UNITS","CLASS","MAJOR","GRADE","STATUS","EMAIL"
""
"CID","TERM","SUBJ","CRSE","SEC","UNITS"
"63730","200610","DEF","417","27","1"
""
"INSTRUCTOR(S)","TYPE","DAYS","TIME","BUILD","ROOM"
"Flowers, Hannah D.","Discussion","","","",""
""
"SEAT","SID","SURNAME","PREFNAME","LEVEL","UNITS","CLASS","MAJOR","GRADE","STATUS","EMAIL"
"1","956571038","Thompson","Ian","GR","1","D2","DEFG","S","RE","ian.l.thompson@fakeu.edu"
""
"CID","TERM","SUBJ","CRSE","SEC","UNITS"
"31944","200610","DEF","417","28","1"
""
"INSTRUCTOR(S)","TYPE","DAYS","TIME","BUILD","ROOM"
"Wagner, Jayden G.","Discussion","","","",""
""
"SEAT","SID","SURNAME","PREFNAME","LEVEL","UNITS","CLASS","MAJOR","GRADE","STATUS","EMAIL"
""
"CID","TERM","SUBJ","CRSE","SEC","UNITS"
"80452","200610","DEF","417","29","1"
""
"INSTRUCTOR(S)","TYPE","DAYS","TIME","BUILD","ROOM"
"Patterson, Savannah Q.","Discussion","","","",""
""
"SEAT","SID","SURNAME","PREFNAME","LEVEL","UNITS","CLASS","MAJOR","GRADE","STATUS","EMAIL"
"1","690013604","Ramos","Eli","GR","1","D1","DEFG","NG","RE","eli.b.ramos@fakeu.edu"
"2","888854287","Moon","Isabella","GR","1","D1","DEFG","NG","RE","isabella.n.moon@fakeu.edu"
"3","259437784","Harris","Isaac","GR","1","D2","DEFG","NG","RE","isaac.a.harris@fakeu.edu"
"4","573146478","Chambers","Audrey","GR","1","D1","DEFG","NG","RE","audrey.j.chambers@fakeu.edu"
""
"CID","TERM","SUBJ","CRSE","SEC","UNITS"
"20931","200610","DEF","417","30","1"
""
"INSTRUCTOR(S)","TYPE","DAYS","TIME","BUILD","ROOM"
"Kennedy, Aiden J.","Discussion","","","",""
""
"SEAT","SID","SURNAME","PREFNAME","LEVEL","UNITS","CLASS","MAJOR","GRADE","STATUS","EMAIL"
""
"CID","TERM","SUBJ","CRSE","SEC","UNITS"
"23677","200610","DEF","417","31","1"
""
"INSTRUCTOR(S)","TYPE","DAYS","TIME","BUILD","ROOM"
"Boone, Sofia M.","Discussion","","","",""
""
"SEAT","SID","SURNAME","PREFNAME","LEVEL","UNITS","CLASS","MAJOR","GRADE","STATUS","EMAIL"
"1","233678481","Dean","Michael","GR","1","D2","DEFG","S","RE","michael.c.dean@fakeu.edu"
"2","786442010","Black","Samantha","GR","1","D1","DEFG","S","RE","samantha.m.black@fakeu.edu"
""
"CID","TERM","SUBJ","CRSE","SEC","UNITS"
"73021","200610","DEF","417","32","1"
""
"INSTRUCTOR(S)","TYPE","DAYS","TIME","BUILD","ROOM"
"Davenport, Jackson L.","Discussion","","","",""
""
"SEAT","SID","SURNAME","PREFNAME","LEVEL","UNITS","CLASS","MAJOR","GRADE","STATUS","EMAIL"
""
"CID","TERM","SUBJ","CRSE","SEC","UNITS"
"58472","200610","DEF","417","33","1"
""
"INSTRUCTOR(S)","TYPE","DAYS","TIME","BUILD","ROOM"
"Tyler, Isaac J.","Discussion","","","",""
""
"SEAT","SID","SURNAME","PREFNAME","LEVEL","UNITS","CLASS","MAJOR","GRADE","STATUS","EMAIL"
"1","149824102","Graham","Dominic","GR","1","D2","DEFG","S","RE","dominic.w.graham@fakeu.edu"
"2","697531093","Adkins","Kevin","GR","1","D2","ABCG","S","RE","kevin.a.adkins@fakeu.edu"
"3","572483790","Turner","Natalie","GR","1","D2","DEFG","S","RE","natalie.d.turner@fakeu.edu"
"4","901109308","Jackson","Angel","GR","1","D2","DEFG","S","RE","angel.j.jackson@fakeu.edu"
"5","104396082","Johnson","Eduardo","GR","1","D2","DEFG","S","RE","eduardo.c.johnson@fakeu.edu"
"6","455041364","Lee","Ethan","GR","1","D1","DEFG","S","RE","ethan.o.lee@fakeu.edu"
"7","622060204","Watkins","Sofia","GR","1","D2","DEFG","S","RE","sofia.j.watkins@fakeu.edu"
"8","727035147","Washington","Daniel","GR","1","D2","DEFG","S","RE","daniel.x.washington@fakeu.edu"
"9","408671089","Alexander","Aaron","GR","1","D1","DEFG","S","RE","aaron.v.alexander@fakeu.edu"
""
"CID","TERM","SUBJ","CRSE","SEC","UNITS"
"21129","200610","DEF","417","34","1"
""
"INSTRUCTOR(S)","TYPE","DAYS","TIME","BUILD","ROOM"
"Williams, Alexander A.","Discussion","","","",""
""
"SEAT","SID","SURNAME","PREFNAME","LEVEL","UNITS","CLASS","MAJOR","GRADE","STATUS","EMAIL"
"1","312599346","Duke","Angelina","GR","1","D2","DEFG","S","RE","angelina.r.duke@fakeu.edu"
"2","380236797","Thomas","Emily","GR","1","D2","DEFG","S","RE","emily.m.thomas1@fakeu.edu"
"3","612537874","Fischer","Isabella","GR","1","D1","DEFG","S","RE","isabella.n.fischer@fakeu.edu"
"4","223677511","Gray","Christopher","GR","1","D1","OT78","S","RE","christopher.j.gray@fakeu.edu"
"5","675856720","Elliott","Anthony","GR","1","D1","DEFG","S","RE","anthony.a.elliott@fakeu.edu"
""
"CID","TERM","SUBJ","CRSE","SEC","UNITS"
"72116","200610","DEF","417","35","1"
""
"INSTRUCTOR(S)","TYPE","DAYS","TIME","BUILD","ROOM"
"Mcdaniel, Elijah I.","Discussion","","","",""
""
"SEAT","SID","SURNAME","PREFNAME","LEVEL","UNITS","CLASS","MAJOR","GRADE","STATUS","EMAIL"
"1","248412370","Robinson","Valerie","GR","1","GM","DEFG","S","RE","valerie.a.robinson@fakeu.edu"
"2","290603499","Jackson","Julian","GR","1","D1","DEFG","S","RE","julian.j.jackson@fakeu.edu"
"3","542654013","Jackson","Emma","GR","1","GM","DEFG","S","RE","emma.m.jackson@fakeu.edu"
"4","511976156","Campbell","Nicholas","GR","1","D2","DEFG","S","RE","nicholas.c.campbell@fakeu.edu"
""
"CID","TERM","SUBJ","CRSE","SEC","UNITS"
"75106","200610","DEF","417","36","1"
""
"INSTRUCTOR(S)","TYPE","DAYS","TIME","BUILD","ROOM"
"Herring, Nathan L.","Discussion","","","",""
""
"SEAT","SID","SURNAME","PREFNAME","LEVEL","UNITS","CLASS","MAJOR","GRADE","STATUS","EMAIL"
"1","160569396","Schmidt","Emma","GR","1","D1","DEFG","S","RE","emma.t.schmidt@fakeu.edu"
""
"CID","TERM","SUBJ","CRSE","SEC","UNITS"
"70486","200610","DEF","417","37","1"
""
"INSTRUCTOR(S)","TYPE","DAYS","TIME","BUILD","ROOM"
"Hodges, Jose I.","Discussion","","","",""
""
"SEAT","SID","SURNAME","PREFNAME","LEVEL","UNITS","CLASS","MAJOR","GRADE","STATUS","EMAIL"
"1","693521907","Morris","Brooklyn","GR","1","D2","DEFG","S","RE","brooklyn.e.morris@fakeu.edu"
"2","756976047","Burt","Owen","GR","1","D1","DEFG","S","RE","owen.c.burt@fakeu.edu"
"3","782259159","Wall","Julian","GR","1","D1","DEFG","S","RE","julian.a.wall@fakeu.edu"
"4","885328120","Ortiz","Jayden","GR","1","D2","DEFG","S","RE","jayden.m.ortiz@fakeu.edu"
""
"CID","TERM","SUBJ","CRSE","SEC","UNITS"
"57815","200610","DEF","417","38","1"
""
"INSTRUCTOR(S)","TYPE","DAYS","TIME","BUILD","ROOM"
"Smith, Layla N.","Discussion","","","",""
""
"SEAT","SID","SURNAME","PREFNAME","LEVEL","UNITS","CLASS","MAJOR","GRADE","STATUS","EMAIL"
"1","695913835","Sanders","Caleb","GR","1","D2","DEFG","S","RE","caleb.n.sanders@fakeu.edu"
""
"CID","TERM","SUBJ","CRSE","SEC","UNITS"
"25604","200610","DEF","417","39","1"
""
"INSTRUCTOR(S)","TYPE","DAYS","TIME","BUILD","ROOM"
"Hernandez, Hailey O.","Discussion","","","",""
""
"SEAT","SID","SURNAME","PREFNAME","LEVEL","UNITS","CLASS","MAJOR","GRADE","STATUS","EMAIL"
"1","209691473","Sanchez","Addison","GR","1","D1","DEFG","NG","RE","addison.s.sanchez@fakeu.edu"
"2","511044637","Long","Samantha","GR","1","D1","DEFG","NG","RE","samantha.a.long@fakeu.edu"
""
"CID","TERM","SUBJ","CRSE","SEC","UNITS"
"71555","200610","DEF","417","40","1"
""
"INSTRUCTOR(S)","TYPE","DAYS","TIME","BUILD","ROOM"
"Snyder, Samantha R.","Discussion","","","",""
""
"SEAT","SID","SURNAME","PREFNAME","LEVEL","UNITS","CLASS","MAJOR","GRADE","STATUS","EMAIL"
"1","876573391","Howe","Jacob","GR","1","D1","DEFG","S","RE","jacob.i.howe@fakeu.edu"
"2","509300253","Henry","Jackson","GR","1","D2","DEFG","S","RE","jackson.a.henry@fakeu.edu"
"3","264799595","Carter","William","GR","1","D2","DEFG","S","RE","william.b.carter@fakeu.edu"
"4","380157742","Scott","Miguel","GR","1","D1","DEFG","S","RE","miguel.a.scott@fakeu.edu"
""
"CID","TERM","SUBJ","CRSE","SEC","UNITS"
"34779","200610","DEF","417","41","1"
""
"INSTRUCTOR(S)","TYPE","DAYS","TIME","BUILD","ROOM"
"Nicholson, Jackson N.","Discussion","","","",""
""
"SEAT","SID","SURNAME","PREFNAME","LEVEL","UNITS","CLASS","MAJOR","GRADE","STATUS","EMAIL"
""
"CID","TERM","SUBJ","CRSE","SEC","UNITS"
"89859","200610","DEF","417","42","1"
""
"INSTRUCTOR(S)","TYPE","DAYS","TIME","BUILD","ROOM"
"Mccarty, Anthony Z.","Discussion","","","",""
""
"SEAT","SID","SURNAME","PREFNAME","LEVEL","UNITS","CLASS","MAJOR","GRADE","STATUS","EMAIL"
"1","988635743","Butler","Angel","GR","1","D2","DEFG","S","RE","angel.e.butler@fakeu.edu"
""
"CID","TERM","SUBJ","CRSE","SEC","UNITS"
"13007","200610","DEF","417","43","1"
""
"INSTRUCTOR(S)","TYPE","DAYS","TIME","BUILD","ROOM"
"Morris, Sebastian B.","Discussion","","","",""
""
"SEAT","SID","SURNAME","PREFNAME","LEVEL","UNITS","CLASS","MAJOR","GRADE","STATUS","EMAIL"
""
"CID","TERM","SUBJ","CRSE","SEC","UNITS"
"26016","200610","DEF","417","44","1"
""
"INSTRUCTOR(S)","TYPE","DAYS","TIME","BUILD","ROOM"
"Olson, Jennifer D.","Discussion","","","",""
""
"SEAT","SID","SURNAME","PREFNAME","LEVEL","UNITS","CLASS","MAJOR","GRADE","STATUS","EMAIL"
"1","603527293","Hill","Vincent","GR","1","GM","DEFG","S","RE","vincent.a.hill@fakeu.edu"
"2","154531188","Hammond","Aiden","GR","1","D2","DEFG","S","RE","aiden.h.hammond@fakeu.edu"
""
"CID","TERM","SUBJ","CRSE","SEC","UNITS"
"52369","200610","DEF","417","45","1"
""
"INSTRUCTOR(S)","TYPE","DAYS","TIME","BUILD","ROOM"
"West, Henry A.","Discussion","","","",""
""
"SEAT","SID","SURNAME","PREFNAME","LEVEL","UNITS","CLASS","MAJOR","GRADE","STATUS","EMAIL"
""
"CID","TERM","SUBJ","CRSE","SEC","UNITS"
"17962","200610","DEF","417","46","1"
""
"INSTRUCTOR(S)","TYPE","DAYS","TIME","BUILD","ROOM"
"Anderson, Samuel J.","Discussion","","","",""
""
"SEAT","SID","SURNAME","PREFNAME","LEVEL","UNITS","CLASS","MAJOR","GRADE","STATUS","EMAIL"
"1","320277753","Baker","Kevin","GR","1","D1","DEFG","S","RE","kevin.i.baker@fakeu.edu"
"2","869062337","Franklin","James","GR","1","D1","DEFG","S","RE","james.e.franklin@fakeu.edu"
"3","710324167","Goodwin","Kevin","GR","1","GM","DEFG","S","RE","kevin.l.goodwin@fakeu.edu"
""
"CID","TERM","SUBJ","CRSE","SEC","UNITS"
"69721","200610","DEF","417","47","1"
""
"INSTRUCTOR(S)","TYPE","DAYS","TIME","BUILD","ROOM"
"Parsons, Jordan L.","Discussion","","","",""
""
"SEAT","SID","SURNAME","PREFNAME","LEVEL","UNITS","CLASS","MAJOR","GRADE","STATUS","EMAIL"
""
"CID","TERM","SUBJ","CRSE","SEC","UNITS"
"68389","200610","DEF","417","48","1"
""
"INSTRUCTOR(S)","TYPE","DAYS","TIME","BUILD","ROOM"
"Battle, Gianna M.","Discussion","","","",""
""
"SEAT","SID","SURNAME","PREFNAME","LEVEL","UNITS","CLASS","MAJOR","GRADE","STATUS","EMAIL"
""
"CID","TERM","SUBJ","CRSE","SEC","UNITS"
"33405","200610","DEF","417","49","1"
""
"INSTRUCTOR(S)","TYPE","DAYS","TIME","BUILD","ROOM"
"Downs, Jesus C.","Discussion","","","",""
""
"SEAT","SID","SURNAME","PREFNAME","LEVEL","UNITS","CLASS","MAJOR","GRADE","STATUS","EMAIL"
"1","228455894","Fowler","David","GR","1","D1","DEFG","S","RE","david.l.fowler@fakeu.edu"
""
"CID","TERM","SUBJ","CRSE","SEC","UNITS"
"47043","200610","DEF","417","50","1"
""
"INSTRUCTOR(S)","TYPE","DAYS","TIME","BUILD","ROOM"
"","Discussion","","","",""
""
"SEAT","SID","SURNAME","PREFNAME","LEVEL","UNITS","CLASS","MAJOR","GRADE","STATUS","EMAIL"
""
"CID","TERM","SUBJ","CRSE","SEC","UNITS"
"88035","200610","DEF","425","0","1.000 - 5.000"
""
"INSTRUCTOR(S)","TYPE","DAYS","TIME","BUILD","ROOM"
"","Variable","","","",""
""
"SEAT","SID","SURNAME","PREFNAME","LEVEL","UNITS","CLASS","MAJOR","GRADE","STATUS","EMAIL"
""
"CID","TERM","SUBJ","CRSE","SEC","UNITS"
"99575","200610","DEF","426","0","1.000 - 12.000"
""
"INSTRUCTOR(S)","TYPE","DAYS","TIME","BUILD","ROOM"
"","Variable","","","",""
""
"SEAT","SID","SURNAME","PREFNAME","LEVEL","UNITS","CLASS","MAJOR","GRADE","STATUS","EMAIL"
""
"CID","TERM","SUBJ","CRSE","SEC","UNITS"
"18040","200610","DEF","426","1","1.000 - 12.000"
""
"INSTRUCTOR(S)","TYPE","DAYS","TIME","BUILD","ROOM"
"Gibson, Melanie M.","Variable","","","",""
""
"SEAT","SID","SURNAME","PREFNAME","LEVEL","UNITS","CLASS","MAJOR","GRADE","STATUS","EMAIL"
""
"CID","TERM","SUBJ","CRSE","SEC","UNITS"
"42994","200610","DEF","426","2","1.000 - 12.000"
""
"INSTRUCTOR(S)","TYPE","DAYS","TIME","BUILD","ROOM"
"Stafford, Aaliyah A.","Variable","","","",""
""
"SEAT","SID","SURNAME","PREFNAME","LEVEL","UNITS","CLASS","MAJOR","GRADE","STATUS","EMAIL"
"1","931572665","Leblanc","Jonathan","GR","10","D2","DEFG","S","RE","jonathan.e.leblanc@fakeu.edu"
"2","361007947","Page","Anthony","GR","11","D1","DEFG","S","RE","anthony.j.page@fakeu.edu"
"3","786902734","Carter","Kevin","GR","6","D1","DEFG","S","RE","kevin.j.carter@fakeu.edu"
""
"CID","TERM","SUBJ","CRSE","SEC","UNITS"
"50081","200610","DEF","426","3","1.000 - 12.000"
""
"INSTRUCTOR(S)","TYPE","DAYS","TIME","BUILD","ROOM"
"Goodwin, David A.","Variable","","","",""
""
"SEAT","SID","SURNAME","PREFNAME","LEVEL","UNITS","CLASS","MAJOR","GRADE","STATUS","EMAIL"
"1","939625282","Peterson","Jessica","GR","5","D1","DEFG","S","RE","jessica.a.peterson@fakeu.edu"
""
"CID","TERM","SUBJ","CRSE","SEC","UNITS"
"82437","200610","DEF","426","4","1.000 - 12.000"
""
"INSTRUCTOR(S)","TYPE","DAYS","TIME","BUILD","ROOM"
"Walker, Violet A.","Variable","","","",""
""
"SEAT","SID","SURNAME","PREFNAME","LEVEL","UNITS","CLASS","MAJOR","GRADE","STATUS","EMAIL"
""
"CID","TERM","SUBJ","CRSE","SEC","UNITS"
"53548","200610","DEF","426","5","1.000 - 12.000"
""
"INSTRUCTOR(S)","TYPE","DAYS","TIME","BUILD","ROOM"
"Mason, Daniel M.","Variable","","","",""
""
"SEAT","SID","SURNAME","PREFNAME","LEVEL","UNITS","CLASS","MAJOR","GRADE","STATUS","EMAIL"
"1","789227287","White","Aubrey","GR","11","D1","DEFG","S","RE","aubrey.j.white@fakeu.edu"
"2","808968776","Robertson","Matthew","GR","8","D1","DEFG","S","RE","matthew.a.robertson@fakeu.edu"
"3","320690041","Austin","Matthew","GR","9","D1","DEFG","S","RE","matthew.l.austin@fakeu.edu"
"4","372784266","Fuller","Kevin","GR","8","D1","DEFG","S","RE","kevin.c.fuller@fakeu.edu"
"5","276333509","Galloway","Alexa","GR","5","GM","DEFG","S","RE","alexa.c.galloway@fakeu.edu"
"6","873546660","Davis","Alejandro","GR","12","D2","DEFG","S","RE","alejandro.g.davis1@fakeu.edu"
""
"CID","TERM","SUBJ","CRSE","SEC","UNITS"
"38206","200610","DEF","426","6","1.000 - 12.000"
""
"INSTRUCTOR(S)","TYPE","DAYS","TIME","BUILD","ROOM"
"Moody, Emma F.","Variable","","","",""
""
"SEAT","SID","SURNAME","PREFNAME","LEVEL","UNITS","CLASS","MAJOR","GRADE","STATUS","EMAIL"
"1","758274204","Burris","Samuel","GR","3","D1","DEFG","S","RE","samuel.j.burris@fakeu.edu"
"2","459985919","Quinn","Alex","GR","6","GM","DEFG","S","RE","alex.j.quinn@fakeu.edu"
"3","280709324","Rose","Kayla","GR","5","D1","DEFG","S","RE","kayla.g.rose@fakeu.edu"
"4","217751202","Parks","Emma","GR","10","D2","DEFG","S","RE","emma.l.parks@fakeu.edu"
"5","676679643","Aguirre","Evelyn","GR","1","GM","DEFG","S","RE","evelyn.e.aguirre@fakeu.edu"
"6","492509711","Thompson","Giovanni","GR","12","D2","DEFG","S","RE","giovanni.a.thompson@fakeu.edu"
"7","542558153","Haney","Emma","GR","11","D2","DEFG","S","RE","emma.c.haney@fakeu.edu"
"8","186213015","Anderson","Christopher","GR","5","GM","DEFG","S","RE","christopher.g.anderson@fakeu.edu"
"9","397248690","Moore","Jack","GR","11","D1","DEFG","S","RE","jack.a.moore@fakeu.edu"
""
"CID","TERM","SUBJ","CRSE","SEC","UNITS"
"34617","200610","DEF","426","7","1.000 - 12.000"
""
"INSTRUCTOR(S)","TYPE","DAYS","TIME","BUILD","ROOM"
"Perry, Austin A.","Variable","","","",""
""
"SEAT","SID","SURNAME","PREFNAME","LEVEL","UNITS","CLASS","MAJOR","GRADE","STATUS","EMAIL"
"1","397248690","Moore","Jack","GR","11","D1","DEFG","NS","RE","jack.a.moore@fakeu.edu"
"2","456988090","Kelley","Isabella","GR","8","D2","DEFG","S","RE","isabella.a.kelley@fakeu.edu"
"3","989052556","Thomas","Layla","GR","5","GM","DEFG","S","RE","layla.e.thomas@fakeu.edu"
""
"CID","TERM","SUBJ","CRSE","SEC","UNITS"
"55749","200610","DEF","426","8","1.000 - 12.000"
""
"INSTRUCTOR(S)","TYPE","DAYS","TIME","BUILD","ROOM"
"Turner, Giovanni E.","Variable","","","",""
""
"SEAT","SID","SURNAME","PREFNAME","LEVEL","UNITS","CLASS","MAJOR","GRADE","STATUS","EMAIL"
""
"CID","TERM","SUBJ","CRSE","SEC","UNITS"
"78294","200610","DEF","426","9","1.000 - 12.000"
""
"INSTRUCTOR(S)","TYPE","DAYS","TIME","BUILD","ROOM"
"Cox, Jordan V.","Variable","","","",""
""
"SEAT","SID","SURNAME","PREFNAME","LEVEL","UNITS","CLASS","MAJOR","GRADE","STATUS","EMAIL"
"1","409490297","Williams","David","GR","11","D2","DEFG","S","RE","david.m.williams@fakeu.edu"
"2","434205087","Tyler","Ariana","GR","5","D2","ABCG","S","RE","ariana.t.tyler@fakeu.edu"
"3","223556379","Walton","Elijah","GR","10","D1","DEFG","S","RE","elijah.l.walton@fakeu.edu"
"4","887295418","Perkins","Robert","GR","12","D2","ABCG","S","RE","robert.a.perkins@fakeu.edu"
"5","158287553","Ward","Giselle","GR","8","GM","DEFG","S","RE","giselle.d.ward@fakeu.edu"
""
"CID","TERM","SUBJ","CRSE","SEC","UNITS"
"45920","200610","DEF","426","10","1.000 - 12.000"
""
"INSTRUCTOR(S)","TYPE","DAYS","TIME","BUILD","ROOM"
"Smith, Daniel N.","Variable","","","",""
""
"SEAT","SID","SURNAME","PREFNAME","LEVEL","UNITS","CLASS","MAJOR","GRADE","STATUS","EMAIL"
""
"CID","TERM","SUBJ","CRSE","SEC","UNITS"
"28699","200610","DEF","426","11","1.000 - 12.000"
""
"INSTRUCTOR(S)","TYPE","DAYS","TIME","BUILD","ROOM"
"Lee, Nathaniel E.","Variable","","","",""
""
"SEAT","SID","SURNAME","PREFNAME","LEVEL","UNITS","CLASS","MAJOR","GRADE","STATUS","EMAIL"
"1","456988090","Kelley","Isabella","GR","1","D2","DEFG","S","RE","isabella.a.kelley@fakeu.edu"
"2","458936093","Miller","Sophia","GR","1","D1","DEFG","S","RE","sophia.m.miller@fakeu.edu"
""
"CID","TERM","SUBJ","CRSE","SEC","UNITS"
"27191","200610","DEF","426","12","1.000 - 12.000"
""
"INSTRUCTOR(S)","TYPE","DAYS","TIME","BUILD","ROOM"
"Sanders, Ruby I.","Variable","","","",""
""
"SEAT","SID","SURNAME","PREFNAME","LEVEL","UNITS","CLASS","MAJOR","GRADE","STATUS","EMAIL"
"1","965137610","Gilliam","Emma","GR","11","D2","DEFG","S","RE","emma.i.gilliam@fakeu.edu"
"2","790593933","Hughes","Jordan","GR","10","D2","DEFG","S","RE","jordan.l.hughes@fakeu.edu"
"3","572938747","Simpson","Joseph","GR","4","GM","DEFG","S","RE","joseph.x.simpson@fakeu.edu"
"4","322793626","Doyle","Giovanni","GR","5","D2","DEFG","S","RE","giovanni.r.doyle@fakeu.edu"
"5","269262835","Smith","Melissa","GR","11","D2","DEFG","S","RE","melissa.v.smith@fakeu.edu"
"6","699349276","Morse","Aaron","GR","8","GM","DEFG","S","RE","aaron.i.morse@fakeu.edu"
"7","719958184","Pacheco","Ruby","GR","5","D2","DEFG","S","RE","ruby.j.pacheco@fakeu.edu"
""
"CID","TERM","SUBJ","CRSE","SEC","UNITS"
"91604","200610","DEF","426","13","1.000 - 12.000"
""
"INSTRUCTOR(S)","TYPE","DAYS","TIME","BUILD","ROOM"
"White, Jonathan E.","Variable","","","",""
""
"SEAT","SID","SURNAME","PREFNAME","LEVEL","UNITS","CLASS","MAJOR","GRADE","STATUS","EMAIL"
""
"CID","TERM","SUBJ","CRSE","SEC","UNITS"
"88455","200610","DEF","426","14","1.000 - 12.000"
""
"INSTRUCTOR(S)","TYPE","DAYS","TIME","BUILD","ROOM"
"Dalton, Jorge A.","Variable","","","",""
""
"SEAT","SID","SURNAME","PREFNAME","LEVEL","UNITS","CLASS","MAJOR","GRADE","STATUS","EMAIL"
"1","373807101","Palmer","Nicholas","GR","1","D1","DEFG","S","RE","nicholas.a.palmer@fakeu.edu"
"2","695847828","Carr","Jorge","GR","5","D2","OT76","S","RE","jorge.m.carr@fakeu.edu"
""
"CID","TERM","SUBJ","CRSE","SEC","UNITS"
"59637","200610","DEF","426","15","1.000 - 12.000"
""
"INSTRUCTOR(S)","TYPE","DAYS","TIME","BUILD","ROOM"
"Rogers, Matthew A.","Variable","","","",""
""
"SEAT","SID","SURNAME","PREFNAME","LEVEL","UNITS","CLASS","MAJOR","GRADE","STATUS","EMAIL"
"1","992965806","Fowler","Ashley","GR","11","D2","DEFG","S","RE","ashley.m.fowler@fakeu.edu"
""
"CID","TERM","SUBJ","CRSE","SEC","UNITS"
"55618","200610","DEF","426","16","1.000 - 12.000"
""
"INSTRUCTOR(S)","TYPE","DAYS","TIME","BUILD","ROOM"
"Martin, Audrey T.","Variable","","","",""
""
"SEAT","SID","SURNAME","PREFNAME","LEVEL","UNITS","CLASS","MAJOR","GRADE","STATUS","EMAIL"
"1","591153773","Holloway","Ashley","GR","2","D1","DEFG","S","RE","ashley.c.holloway@fakeu.edu"
"2","450438984","Taylor","Jose","GR","3","D1","DEFG","S","RE","jose.m.taylor@fakeu.edu"
"3","390935622","Price","Isabella","GR","10","D2","DEFG","S","RE","isabella.j.price@fakeu.edu"
"4","915328602","Morgan","Julian","GR","4","D1","DEFG","S","RE","julian.c.morgan@fakeu.edu"
"5","763457268","Ross","Jacob","GR","7","D1","DEFG","S","RE","jacob.e.ross@fakeu.edu"
""
"CID","TERM","SUBJ","CRSE","SEC","UNITS"
"77602","200610","DEF","426","17","1.000 - 12.000"
""
"INSTRUCTOR(S)","TYPE","DAYS","TIME","BUILD","ROOM"
"Sanders, Julian R.","Variable","","","",""
""
"SEAT","SID","SURNAME","PREFNAME","LEVEL","UNITS","CLASS","MAJOR","GRADE","STATUS","EMAIL"
"1","669581313","Velazquez","Hailey","GR","11","D2","DEFG","S","RE","hailey.l.velazquez@fakeu.edu"
"2","424666144","Mitchell","Gabriella","GR","12","D2","DEFG","S","RE","gabriella.a.mitchell@fakeu.edu"
""
"CID","TERM","SUBJ","CRSE","SEC","UNITS"
"10483","200610","DEF","426","18","1.000 - 12.000"
""
"INSTRUCTOR(S)","TYPE","DAYS","TIME","BUILD","ROOM"
"Wiley, Natalie A.","Variable","","","",""
""
"SEAT","SID","SURNAME","PREFNAME","LEVEL","UNITS","CLASS","MAJOR","GRADE","STATUS","EMAIL"
"1","209112020","Gordon","Mia","GR","9","D2","DEFG","S","RE","mia.r.gordon@fakeu.edu"
""
"CID","TERM","SUBJ","CRSE","SEC","UNITS"
"87551","200610","DEF","426","19","1.000 - 12.000"
""
"INSTRUCTOR(S)","TYPE","DAYS","TIME","BUILD","ROOM"
"Ayala, Sophia A.","Variable","","","",""
""
"SEAT","SID","SURNAME","PREFNAME","LEVEL","UNITS","CLASS","MAJOR","GRADE","STATUS","EMAIL"
"1","471425032","Harris","Aiden","GR","8","GM","DEFG","S","RE","aiden.j.harris@fakeu.edu"
""
"CID","TERM","SUBJ","CRSE","SEC","UNITS"
"89734","200610","DEF","426","20","1.000 - 12.000"
""
"INSTRUCTOR(S)","TYPE","DAYS","TIME","BUILD","ROOM"
"Harper, Samuel M.","Variable","","","",""
""
"SEAT","SID","SURNAME","PREFNAME","LEVEL","UNITS","CLASS","MAJOR","GRADE","STATUS","EMAIL"
"1","722498286","Brown","Nathan","GR","12","D2","DEFG","S","RE","nathan.s.brown@fakeu.edu"
"2","123830013","Lawson","Jacob","GR","5","GM","DEFG","S","RE","jacob.o.lawson@fakeu.edu"
"3","984833973","White","Ella","GR","11","D2","DEFG","S","RE","ella.l.white@fakeu.edu"
"4","494201508","Wright","Juan","GR","12","D2","DEFG","S","RE","juan.i.wright@fakeu.edu"
"5","876626791","Johnson","Aiden","GR","10","D2","DEFG","S","RE","aiden.g.johnson@fakeu.edu"
"6","620838993","Wallace","Ethan","GR","11","D2","DEFG","S","RE","ethan.j.wallace@fakeu.edu"
""
"CID","TERM","SUBJ","CRSE","SEC","UNITS"
"62883","200610","DEF","426","21","1.000 - 12.000"
""
"INSTRUCTOR(S)","TYPE","DAYS","TIME","BUILD","ROOM"
"Terry, Sophie L.","Variable","","","",""
""
"SEAT","SID","SURNAME","PREFNAME","LEVEL","UNITS","CLASS","MAJOR","GRADE","STATUS","EMAIL"
"1","345568472","Jones","Jackson","GR","12","D2","DEFG","S","RE","jackson.n.jones@fakeu.edu"
""
"CID","TERM","SUBJ","CRSE","SEC","UNITS"
"53742","200610","DEF","426","22","1.000 - 12.000"
""
"INSTRUCTOR(S)","TYPE","DAYS","TIME","BUILD","ROOM"
"Suarez, Julian J.","Variable","","","",""
""
"SEAT","SID","SURNAME","PREFNAME","LEVEL","UNITS","CLASS","MAJOR","GRADE","STATUS","EMAIL"
"1","736849583","Martin","Gabriel","GR","7","D1","DEFG","S","RE","gabriel.c.martin@fakeu.edu"
"2","952798063","Byers","Grace","GR","11","D2","DEFG","S","RE","grace.c.byers@fakeu.edu"
"3","342262167","Graves","Angelina","GR","4","D1","DEFG","S","RE","angelina.z.graves@fakeu.edu"
"4","130013644","Moore","Sarah","GR","11","D2","DEFG","S","RE","sarah.s.moore@fakeu.edu"
"5","132470253","Jones","Amelia","GR","12","D2","DEFG","S","RE","amelia.a.jones@fakeu.edu"
"6","445760199","Byrd","Joshua","GR","5","D2","DEFG","S","RE","joshua.g.byrd@fakeu.edu"
""
"CID","TERM","SUBJ","CRSE","SEC","UNITS"
"81963","200610","DEF","426","23","1.000 - 12.000"
""
"INSTRUCTOR(S)","TYPE","DAYS","TIME","BUILD","ROOM"
"Bryant, Kimberly R.","Variable","","","",""
""
"SEAT","SID","SURNAME","PREFNAME","LEVEL","UNITS","CLASS","MAJOR","GRADE","STATUS","EMAIL"
""
"CID","TERM","SUBJ","CRSE","SEC","UNITS"
"46517","200610","DEF","426","24","1.000 - 12.000"
""
"INSTRUCTOR(S)","TYPE","DAYS","TIME","BUILD","ROOM"
"Lopez, Joseph S.","Variable","","","",""
""
"SEAT","SID","SURNAME","PREFNAME","LEVEL","UNITS","CLASS","MAJOR","GRADE","STATUS","EMAIL"
"1","360376656","Nelson","Michael","GR","10","D2","DEFG","S","RE","michael.c.nelson@fakeu.edu"
"2","943539696","Good","Vanessa","GR","12","D2","DEFG","S","RE","vanessa.p.good@fakeu.edu"
"3","254700837","Brown","Lucas","GR","11","D1","ABCG","S","RE","lucas.e.brown@fakeu.edu"
"4","965673505","Frost","Anthony","GR","11","D1","ABCG","S","RE","anthony.b.frost@fakeu.edu"
"5","262059817","Bowen","Charlotte","GR","9","D1","DEFG","S","RE","charlotte.l.bowen@fakeu.edu"
"6","137598966","Howard","Ava","GR","12","D2","DEFG","S","RE","ava.k.howard@fakeu.edu"
"7","361312452","Butler","Mia","GR","12","GM","DEFG","S","RE","mia.v.butler@fakeu.edu"
"8","827112060","Sparks","Anthony","GR","11","D1","ABCG","S","RE","anthony.n.sparks@fakeu.edu"
""
"CID","TERM","SUBJ","CRSE","SEC","UNITS"
"23255","200610","DEF","426","25","1.000 - 12.000"
""
"INSTRUCTOR(S)","TYPE","DAYS","TIME","BUILD","ROOM"
"Griffith, Dylan J.","Variable","","","",""
""
"SEAT","SID","SURNAME","PREFNAME","LEVEL","UNITS","CLASS","MAJOR","GRADE","STATUS","EMAIL"
"1","474050677","Graham","Eric","GR","5","D1","DEFG","S","RE","eric.a.graham@fakeu.edu"
"2","409886378","Brown","Michael","GR","6","D1","DEFG","S","RE","michael.b.brown@fakeu.edu"
"3","927460924","Farmer","Savannah","GR","12","D2","DEFG","S","RE","savannah.s.farmer@fakeu.edu"
"4","560207202","Stevens","Adam","GR","10","D2","DEFG","S","RE","adam.h.stevens@fakeu.edu"
"5","703391604","Davis","Jesus","GR","1","D1","DEFG","S","RE","jesus.g.davis@fakeu.edu"
"6","617928361","Leonard","Brayden","GR","9","GM","DEFG","S","RE","brayden.s.leonard@fakeu.edu"
"7","697099149","Davis","Melissa","GR","10","D1","DEFG","S","RE","melissa.j.davis@fakeu.edu"
"8","173549116","Matthews","Sofia","GR","5","D2","DEFG","S","RE","sofia.t.matthews@fakeu.edu"
""
"CID","TERM","SUBJ","CRSE","SEC","UNITS"
"59126","200610","DEF","426","26","1.000 - 12.000"
""
"INSTRUCTOR(S)","TYPE","DAYS","TIME","BUILD","ROOM"
"Davis, Eva J.","Variable","","","",""
""
"SEAT","SID","SURNAME","PREFNAME","LEVEL","UNITS","CLASS","MAJOR","GRADE","STATUS","EMAIL"
""
"CID","TERM","SUBJ","CRSE","SEC","UNITS"
"83283","200610","DEF","426","27","1.000 - 12.000"
""
"INSTRUCTOR(S)","TYPE","DAYS","TIME","BUILD","ROOM"
"Flowers, Hannah D.","Variable","","","",""
""
"SEAT","SID","SURNAME","PREFNAME","LEVEL","UNITS","CLASS","MAJOR","GRADE","STATUS","EMAIL"
"1","956571038","Thompson","Ian","GR","11","D2","DEFG","S","RE","ian.l.thompson@fakeu.edu"
""
"CID","TERM","SUBJ","CRSE","SEC","UNITS"
"26988","200610","DEF","426","28","1.000 - 12.000"
""
"INSTRUCTOR(S)","TYPE","DAYS","TIME","BUILD","ROOM"
"Wagner, Jayden G.","Variable","","","",""
""
"SEAT","SID","SURNAME","PREFNAME","LEVEL","UNITS","CLASS","MAJOR","GRADE","STATUS","EMAIL"
""
"CID","TERM","SUBJ","CRSE","SEC","UNITS"
"88131","200610","DEF","426","29","1.000 - 12.000"
""
"INSTRUCTOR(S)","TYPE","DAYS","TIME","BUILD","ROOM"
"Patterson, Savannah Q.","Variable","","","",""
""
"SEAT","SID","SURNAME","PREFNAME","LEVEL","UNITS","CLASS","MAJOR","GRADE","STATUS","EMAIL"
"1","690013604","Ramos","Eli","GR","10","D1","DEFG","NG","RE","eli.b.ramos@fakeu.edu"
"2","888854287","Moon","Isabella","GR","3","D1","DEFG","NG","RE","isabella.n.moon@fakeu.edu"
"3","259437784","Harris","Isaac","GR","11","D2","DEFG","NG","RE","isaac.a.harris@fakeu.edu"
"4","616467710","Nguyen","Mason","GR","11","D1","DEFG","NG","RE","mason.j.nguyen@fakeu.edu"
"5","924431215","Williams","Ethan","GR","6","D1","DEFG","NG","RE","ethan.m.williams@fakeu.edu"
"6","699318264","Warren","Mateo","GR","7","D1","DEFG","NG","RE","mateo.a.warren@fakeu.edu"
"7","573146478","Chambers","Audrey","GR","4","D1","DEFG","NG","RE","audrey.j.chambers@fakeu.edu"
""
"CID","TERM","SUBJ","CRSE","SEC","UNITS"
"20249","200610","DEF","426","30","1.000 - 12.000"
""
"INSTRUCTOR(S)","TYPE","DAYS","TIME","BUILD","ROOM"
"Kennedy, Aiden J.","Variable","","","",""
""
"SEAT","SID","SURNAME","PREFNAME","LEVEL","UNITS","CLASS","MAJOR","GRADE","STATUS","EMAIL"
""
"CID","TERM","SUBJ","CRSE","SEC","UNITS"
"17159","200610","DEF","426","31","1.000 - 12.000"
""
"INSTRUCTOR(S)","TYPE","DAYS","TIME","BUILD","ROOM"
"Boone, Sofia M.","Variable","","","",""
""
"SEAT","SID","SURNAME","PREFNAME","LEVEL","UNITS","CLASS","MAJOR","GRADE","STATUS","EMAIL"
"1","233678481","Dean","Michael","GR","10","D2","DEFG","S","RE","michael.c.dean@fakeu.edu"
"2","786442010","Black","Samantha","GR","8","D1","DEFG","S","RE","samantha.m.black@fakeu.edu"
""
"CID","TERM","SUBJ","CRSE","SEC","UNITS"
"20298","200610","DEF","426","32","1.000 - 12.000"
""
"INSTRUCTOR(S)","TYPE","DAYS","TIME","BUILD","ROOM"
"Davenport, Jackson L.","Variable","","","",""
""
"SEAT","SID","SURNAME","PREFNAME","LEVEL","UNITS","CLASS","MAJOR","GRADE","STATUS","EMAIL"
""
"CID","TERM","SUBJ","CRSE","SEC","UNITS"
"63027","200610","DEF","426","33","1.000 - 12.000"
""
"INSTRUCTOR(S)","TYPE","DAYS","TIME","BUILD","ROOM"
"Tyler, Isaac J.","Variable","","","",""
""
"SEAT","SID","SURNAME","PREFNAME","LEVEL","UNITS","CLASS","MAJOR","GRADE","STATUS","EMAIL"
"1","149824102","Graham","Dominic","GR","10","D2","DEFG","S","RE","dominic.w.graham@fakeu.edu"
"2","697531093","Adkins","Kevin","GR","12","D2","ABCG","S","RE","kevin.a.adkins@fakeu.edu"
"3","572483790","Turner","Natalie","GR","11","D2","DEFG","S","RE","natalie.d.turner@fakeu.edu"
"4","455041364","Lee","Ethan","GR","3","D1","DEFG","S","RE","ethan.o.lee@fakeu.edu"
"5","901109308","Jackson","Angel","GR","11","D2","DEFG","S","RE","angel.j.jackson@fakeu.edu"
"6","104396082","Johnson","Eduardo","GR","11","D2","DEFG","S","RE","eduardo.c.johnson@fakeu.edu"
"7","727035147","Washington","Daniel","GR","10","D2","DEFG","S","RE","daniel.x.washington@fakeu.edu"
"8","622060204","Watkins","Sofia","GR","11","D2","DEFG","S","RE","sofia.j.watkins@fakeu.edu"
"9","408671089","Alexander","Aaron","GR","12","D1","DEFG","S","RE","aaron.v.alexander@fakeu.edu"
""
"CID","TERM","SUBJ","CRSE","SEC","UNITS"
"62945","200610","DEF","426","34","1.000 - 12.000"
""
"INSTRUCTOR(S)","TYPE","DAYS","TIME","BUILD","ROOM"
"Williams, Alexander A.","Variable","","","",""
""
"SEAT","SID","SURNAME","PREFNAME","LEVEL","UNITS","CLASS","MAJOR","GRADE","STATUS","EMAIL"
"1","312599346","Duke","Angelina","GR","11","D2","DEFG","S","RE","angelina.r.duke@fakeu.edu"
"2","380236797","Thomas","Emily","GR","11","D2","DEFG","S","RE","emily.m.thomas1@fakeu.edu"
"3","612537874","Fischer","Isabella","GR","7","D1","DEFG","S","RE","isabella.n.fischer@fakeu.edu"
"4","223677511","Gray","Christopher","GR","4","D1","OT78","S","RE","christopher.j.gray@fakeu.edu"
""
"CID","TERM","SUBJ","CRSE","SEC","UNITS"
"84017","200610","DEF","426","35","1.000 - 12.000"
""
"INSTRUCTOR(S)","TYPE","DAYS","TIME","BUILD","ROOM"
"Mcdaniel, Elijah I.","Variable","","","",""
""
"SEAT","SID","SURNAME","PREFNAME","LEVEL","UNITS","CLASS","MAJOR","GRADE","STATUS","EMAIL"
"1","248412370","Robinson","Valerie","GR","3","GM","DEFG","S","RE","valerie.a.robinson@fakeu.edu"
"2","290603499","Jackson","Julian","GR","4","D1","DEFG","S","RE","julian.j.jackson@fakeu.edu"
"3","542654013","Jackson","Emma","GR","3","GM","DEFG","S","RE","emma.m.jackson@fakeu.edu"
"4","511976156","Campbell","Nicholas","GR","11","D2","DEFG","S","RE","nicholas.c.campbell@fakeu.edu"
""
"CID","TERM","SUBJ","CRSE","SEC","UNITS"
"63248","200610","DEF","426","36","1.000 - 12.000"
""
"INSTRUCTOR(S)","TYPE","DAYS","TIME","BUILD","ROOM"
"","Variable","","","",""
""
"SEAT","SID","SURNAME","PREFNAME","LEVEL","UNITS","CLASS","MAJOR","GRADE","STATUS","EMAIL"
""
"CID","TERM","SUBJ","CRSE","SEC","UNITS"
"19638","200610","DEF","426","37","1.000 - 12.000"
""
"INSTRUCTOR(S)","TYPE","DAYS","TIME","BUILD","ROOM"
"Hodges, Jose I.","Variable","","","",""
""
"SEAT","SID","SURNAME","PREFNAME","LEVEL","UNITS","CLASS","MAJOR","GRADE","STATUS","EMAIL"
"1","693521907","Morris","Brooklyn","GR","11","D2","DEFG","S","RE","brooklyn.e.morris@fakeu.edu"
"2","756976047","Burt","Owen","GR","4","D1","DEFG","S","RE","owen.c.burt@fakeu.edu"
"3","782259159","Wall","Julian","GR","7","D1","DEFG","S","RE","julian.a.wall@fakeu.edu"
"4","885328120","Ortiz","Jayden","GR","9","D2","DEFG","S","RE","jayden.m.ortiz@fakeu.edu"
""
"CID","TERM","SUBJ","CRSE","SEC","UNITS"
"50565","200610","DEF","426","38","1.000 - 12.000"
""
"INSTRUCTOR(S)","TYPE","DAYS","TIME","BUILD","ROOM"
"Smith, Layla N.","Variable","","","",""
""
"SEAT","SID","SURNAME","PREFNAME","LEVEL","UNITS","CLASS","MAJOR","GRADE","STATUS","EMAIL"
"1","695913835","Sanders","Caleb","GR","8","D2","DEFG","S","RE","caleb.n.sanders@fakeu.edu"
""
"CID","TERM","SUBJ","CRSE","SEC","UNITS"
"35711","200610","DEF","426","39","1.000 - 12.000"
""
"INSTRUCTOR(S)","TYPE","DAYS","TIME","BUILD","ROOM"
"Hernandez, Hailey O.","Variable","","","",""
""
"SEAT","SID","SURNAME","PREFNAME","LEVEL","UNITS","CLASS","MAJOR","GRADE","STATUS","EMAIL"
"1","511044637","Long","Samantha","GR","3","D1","DEFG","NG","RE","samantha.a.long@fakeu.edu"
""
"CID","TERM","SUBJ","CRSE","SEC","UNITS"
"84688","200610","DEF","426","40","1.000 - 12.000"
""
"INSTRUCTOR(S)","TYPE","DAYS","TIME","BUILD","ROOM"
"Snyder, Samantha R.","Variable","","","",""
""
"SEAT","SID","SURNAME","PREFNAME","LEVEL","UNITS","CLASS","MAJOR","GRADE","STATUS","EMAIL"
"1","876573391","Howe","Jacob","GR","10","D1","DEFG","S","RE","jacob.i.howe@fakeu.edu"
"2","509300253","Henry","Jackson","GR","12","D2","DEFG","S","RE","jackson.a.henry@fakeu.edu"
"3","264799595","Carter","William","GR","11","D2","DEFG","S","RE","william.b.carter@fakeu.edu"
"4","380157742","Scott","Miguel","GR","2","D1","DEFG","S","RE","miguel.a.scott@fakeu.edu"
""
"CID","TERM","SUBJ","CRSE","SEC","UNITS"
"49409","200610","DEF","426","41","1.000 - 12.000"
""
"INSTRUCTOR(S)","TYPE","DAYS","TIME","BUILD","ROOM"
"Nicholson, Jackson N.","Variable","","","",""
""
"SEAT","SID","SURNAME","PREFNAME","LEVEL","UNITS","CLASS","MAJOR","GRADE","STATUS","EMAIL"
""
"CID","TERM","SUBJ","CRSE","SEC","UNITS"
"37648","200610","DEF","426","42","1.000 - 12.000"
""
"INSTRUCTOR(S)","TYPE","DAYS","TIME","BUILD","ROOM"
"Mccarty, Anthony Z.","Variable","","","",""
""
"SEAT","SID","SURNAME","PREFNAME","LEVEL","UNITS","CLASS","MAJOR","GRADE","STATUS","EMAIL"
"1","988635743","Butler","Angel","GR","11","D2","DEFG","S","RE","angel.e.butler@fakeu.edu"
""
"CID","TERM","SUBJ","CRSE","SEC","UNITS"
"32675","200610","DEF","426","43","1.000 - 12.000"
""
"INSTRUCTOR(S)","TYPE","DAYS","TIME","BUILD","ROOM"
"Morris, Sebastian B.","Variable","","","",""
""
"SEAT","SID","SURNAME","PREFNAME","LEVEL","UNITS","CLASS","MAJOR","GRADE","STATUS","EMAIL"
""
"CID","TERM","SUBJ","CRSE","SEC","UNITS"
"25313","200610","DEF","426","44","1.000 - 12.000"
""
"INSTRUCTOR(S)","TYPE","DAYS","TIME","BUILD","ROOM"
"Olson, Jennifer D.","Variable","","","",""
""
"SEAT","SID","SURNAME","PREFNAME","LEVEL","UNITS","CLASS","MAJOR","GRADE","STATUS","EMAIL"
"1","603527293","Hill","Vincent","GR","10","GM","DEFG","S","RE","vincent.a.hill@fakeu.edu"
"2","154531188","Hammond","Aiden","GR","12","D2","DEFG","S","RE","aiden.h.hammond@fakeu.edu"
""
"CID","TERM","SUBJ","CRSE","SEC","UNITS"
"39527","200610","DEF","426","45","1.000 - 12.000"
""
"INSTRUCTOR(S)","TYPE","DAYS","TIME","BUILD","ROOM"
"West, Henry A.","Variable","","","",""
""
"SEAT","SID","SURNAME","PREFNAME","LEVEL","UNITS","CLASS","MAJOR","GRADE","STATUS","EMAIL"
""
"CID","TERM","SUBJ","CRSE","SEC","UNITS"
"19679","200610","DEF","426","46","1.000 - 12.000"
""
"INSTRUCTOR(S)","TYPE","DAYS","TIME","BUILD","ROOM"
"Anderson, Samuel J.","Variable","","","",""
""
"SEAT","SID","SURNAME","PREFNAME","LEVEL","UNITS","CLASS","MAJOR","GRADE","STATUS","EMAIL"
"1","320277753","Baker","Kevin","GR","3","D1","DEFG","S","RE","kevin.i.baker@fakeu.edu"
"2","869062337","Franklin","James","GR","3","D1","DEFG","S","RE","james.e.franklin@fakeu.edu"
"3","710324167","Goodwin","Kevin","GR","3","GM","DEFG","S","RE","kevin.l.goodwin@fakeu.edu"
""
"CID","TERM","SUBJ","CRSE","SEC","UNITS"
"63975","200610","DEF","426","47","1.000 - 12.000"
""
"INSTRUCTOR(S)","TYPE","DAYS","TIME","BUILD","ROOM"
"Parsons, Jordan L.","Variable","","","",""
""
"SEAT","SID","SURNAME","PREFNAME","LEVEL","UNITS","CLASS","MAJOR","GRADE","STATUS","EMAIL"
""
"CID","TERM","SUBJ","CRSE","SEC","UNITS"
"64396","200610","DEF","426","48","1.000 - 12.000"
""
"INSTRUCTOR(S)","TYPE","DAYS","TIME","BUILD","ROOM"
"Battle, Gianna M.","Variable","","","",""
""
"SEAT","SID","SURNAME","PREFNAME","LEVEL","UNITS","CLASS","MAJOR","GRADE","STATUS","EMAIL"
""
"CID","TERM","SUBJ","CRSE","SEC","UNITS"
"99788","200610","DEF","426","49","1.000 - 12.000"
""
"INSTRUCTOR(S)","TYPE","DAYS","TIME","BUILD","ROOM"
"Downs, Jesus C.","Variable","","","",""
""
"SEAT","SID","SURNAME","PREFNAME","LEVEL","UNITS","CLASS","MAJOR","GRADE","STATUS","EMAIL"
"1","228455894","Fowler","David","GR","8","D1","DEFG","S","RE","david.l.fowler@fakeu.edu"
""
"CID","TERM","SUBJ","CRSE","SEC","UNITS"
"91915","200610","DEF","426","50","1.000 - 12.000"
""
"INSTRUCTOR(S)","TYPE","DAYS","TIME","BUILD","ROOM"
"","Variable","","","",""
""
"SEAT","SID","SURNAME","PREFNAME","LEVEL","UNITS","CLASS","MAJOR","GRADE","STATUS","EMAIL"
""
"CID","TERM","SUBJ","CRSE","SEC","UNITS"
"15984","200610","DEF","427","1","1"
""
"INSTRUCTOR(S)","TYPE","DAYS","TIME","BUILD","ROOM"
"Harper, Samuel M.","Discussion","F","1:10 PM - 2:00 PM","MB3","1062"
""
"SEAT","SID","SURNAME","PREFNAME","LEVEL","UNITS","CLASS","MAJOR","GRADE","STATUS","EMAIL"
"1","726899807","Levy","Alyssa","GR","1","D1","DEFG","S","RE","alyssa.j.levy@fakeu.edu"
"2","717486994","Weiss","Adam","GR","1","GM","DEFG","S","RE","adam.g.weiss@fakeu.edu"
"3","869062337","Franklin","James","GR","1","D1","DEFG","S","RE","james.e.franklin@fakeu.edu"
"4","686064297","Jarvis","Thomas","GR","1","GM","DEFG","S","RE","thomas.n.jarvis@fakeu.edu"
"5","890852039","Thompson","Hailey","GR","1","GM","DEFG","S","RE","hailey.o.thompson@fakeu.edu"
"6","455041364","Lee","Ethan","GR","1","D1","DEFG","S","RE","ethan.o.lee@fakeu.edu"
"7","320277753","Baker","Kevin","GR","1","D1","DEFG","S","RE","kevin.i.baker@fakeu.edu"
"8","628736270","Taylor","Jayden","GR","1","D1","DEFG","S","RE","jayden.e.taylor@fakeu.edu"
"9","209691473","Sanchez","Addison","GR","1","D1","DEFG","S","RE","addison.s.sanchez@fakeu.edu"
"10","380157742","Scott","Miguel","GR","1","D1","DEFG","S","RE","miguel.a.scott@fakeu.edu"
"11","701034269","Coleman","Owen","GR","1","D1","DEFG","S","RE","owen.n.coleman@fakeu.edu"
"12","414331740","Smith","Samantha","GR","1","D1","DEFG","S","RE","samantha.b.smith1@fakeu.edu"
"13","165842041","Jennings","Emily","GR","1","D1","DEFG","S","RE","emily.r.jennings@fakeu.edu"
"14","673498811","Wade","Ava","GR","1","GM","DEFG","S","RE","ava.i.wade@fakeu.edu"
"15","965005725","Ramirez","Genesis","GR","1","GM","DEFG","S","RE","genesis.g.ramirez@fakeu.edu"
"16","950876528","Maddox","Josiah","GR","1","D1","DEFG","S","RE","josiah.j.maddox@fakeu.edu"
"17","286401241","Dean","Arianna","GR","1","D1","DEFG","S","RE","arianna.a.dean@fakeu.edu"
"18","139864515","Chang","Aubrey","GR","1","D1","DEFG","S","RE","aubrey.c.chang@fakeu.edu"
"19","474050677","Graham","Eric","GR","1","D1","DEFG","S","RE","eric.a.graham@fakeu.edu"
"20","865778587","Gibson","Carlos","GR","1","GM","DEFG","S","RE","carlos.a.gibson@fakeu.edu"
"21","158287553","Ward","Giselle","GR","1","GM","DEFG","S","RE","giselle.d.ward@fakeu.edu"
"22","826790161","Henderson","Sophia","GR","1","GM","DEFG","S","RE","sophia.s.henderson@fakeu.edu"
"23","915328602","Morgan","Julian","GR","1","D1","DEFG","S","RE","julian.c.morgan@fakeu.edu"
"24","514521142","Collins","Alexander","GR","1","D1","DEFG","S","RE","alexander.i.collins1@fakeu.edu"
"25","692302523","Long","Giovanni","GR","1","GM","DEFG","S","RE","giovanni.g.long@fakeu.edu"
"26","389781191","Frazier","Alexandra","GR","1","D1","DEFG","S","RE","alexandra.c.frazier@fakeu.edu"
"27","388896887","Hall","Emily","GR","1","D1","DEFG","S","RE","emily.a.hall@fakeu.edu"
"28","675856720","Elliott","Anthony","GR","1","D1","DEFG","S","RE","anthony.a.elliott@fakeu.edu"
"29","445760199","Byrd","Joshua","GR","1","D2","DEFG","S","RE","joshua.g.byrd@fakeu.edu"
"30","511044637","Long","Samantha","GR","1","D1","DEFG","S","RE","samantha.a.long@fakeu.edu"
"31","255462900","Johnson","Sophia","GR","1","D1","DEFG","S","RE","sophia.s.johnson2@fakeu.edu"
"32","453124927","Everett","Zoe","GR","1","GM","DEFG","NS","RE","zoe.a.everett@fakeu.edu"
"33","888854287","Moon","Isabella","GR","1","D1","DEFG","S","RE","isabella.n.moon@fakeu.edu"
""
"CID","TERM","SUBJ","CRSE","SEC","UNITS"
"46233","200610","DEF","428","0","1.000 - 4.000"
""
"INSTRUCTOR(S)","TYPE","DAYS","TIME","BUILD","ROOM"
"","Variable","","","",""
""
"SEAT","SID","SURNAME","PREFNAME","LEVEL","UNITS","CLASS","MAJOR","GRADE","STATUS","EMAIL"
""
"CID","TERM","SUBJ","CRSE","SEC","UNITS"
"87159","200610","DEF","428","1","1.000 - 4.000"
""
"INSTRUCTOR(S)","TYPE","DAYS","TIME","BUILD","ROOM"
"Harper, Samuel M.","Variable","","","MB4","1045"
""
"SEAT","SID","SURNAME","PREFNAME","LEVEL","UNITS","CLASS","MAJOR","GRADE","STATUS","EMAIL"
"1","123830013","Lawson","Jacob","GR","2","GM","DEFG","S","RE","jacob.o.lawson@fakeu.edu"
"2","459985919","Quinn","Alex","GR","2","GM","DEFG","S","RE","alex.j.quinn@fakeu.edu"
"3","248412370","Robinson","Valerie","GR","2","GM","DEFG","S","RE","valerie.a.robinson@fakeu.edu"
"4","789227287","White","Aubrey","GR","2","D1","DEFG","S","RE","aubrey.j.white@fakeu.edu"
"5","808968776","Robertson","Matthew","GR","2","D1","DEFG","S","RE","matthew.a.robertson@fakeu.edu"
"6","474050677","Graham","Eric","GR","1","D1","DEFG","S","RE","eric.a.graham@fakeu.edu"
"7","372784266","Fuller","Kevin","GR","2","D1","DEFG","S","RE","kevin.c.fuller@fakeu.edu"
"8","726899807","Levy","Alyssa","GR","1","D1","DEFG","S","RE","alyssa.j.levy@fakeu.edu"
"9","373807101","Palmer","Nicholas","GR","2","D1","DEFG","S","RE","nicholas.a.palmer@fakeu.edu"
"10","209112020","Gordon","Mia","GR","2","D2","DEFG","S","RE","mia.r.gordon@fakeu.edu"
"11","826790161","Henderson","Sophia","GR","3","GM","DEFG","S","RE","sophia.s.henderson@fakeu.edu"
"12","280709324","Rose","Kayla","GR","2","D1","DEFG","S","RE","kayla.g.rose@fakeu.edu"
"13","693521907","Morris","Brooklyn","GR","2","D2","DEFG","S","RE","brooklyn.e.morris@fakeu.edu"
"14","756976047","Burt","Owen","GR","2","D1","DEFG","S","RE","owen.c.burt@fakeu.edu"
"15","139864515","Chang","Aubrey","GR","2","D1","DEFG","S","RE","aubrey.c.chang@fakeu.edu"
"16","695913835","Sanders","Caleb","GR","2","D2","DEFG","S","RE","caleb.n.sanders@fakeu.edu"
"17","885328120","Ortiz","Jayden","GR","2","D2","DEFG","S","RE","jayden.m.ortiz@fakeu.edu"
"18","320690041","Austin","Matthew","GR","2","D1","DEFG","S","RE","matthew.l.austin@fakeu.edu"
"19","228455894","Fowler","David","GR","2","D1","DEFG","S","RE","david.l.fowler@fakeu.edu"
"20","695847828","Carr","Jorge","GR","2","D2","OT76","S","RE","jorge.m.carr@fakeu.edu"
"21","965005725","Ramirez","Genesis","GR","2","GM","DEFG","S","RE","genesis.g.ramirez@fakeu.edu"
"22","989052556","Thomas","Layla","GR","2","GM","DEFG","S","RE","layla.e.thomas@fakeu.edu"
